local KeyframeSequence = Instance.new("KeyframeSequence")
do
    local keyframe = Instance.new("Keyframe")
    keyframe.Time = 0
    do
        local pose = Instance.new("Pose")
        pose.Name = "HumanoidRootPart"
        pose.CFrame = CFrame.new(0, 0, 0, 1, 0, 0, 0, 1, 0, 0, 0, 1)
        pose.Weight = 0
        pose.Parent = keyframe
    end
    do
        local pose = Instance.new("Pose")
        pose.Name = "Torso"
        pose.CFrame = CFrame.new(-0.0054094065, -0.236336201, -0.16697894, 0.996630967, -0.0818713903, -0.00491049606, 0.0797171444, 0.981011629, -0.176808998, 0.0192928445, 0.175821826, 0.984232903)
        pose.Weight = 1
        pose.Parent = keyframe
    end
    do
        local pose = Instance.new("Pose")
        pose.Name = "Head"
        pose.CFrame = CFrame.new(1.34110451e-07, -1.41374767e-06, 1.78813934e-07, 0.972110093, -0.0404558778, 0.231010467, 0.0294500664, 0.998269856, 0.0508944765, -0.232669681, -0.0426717997, 0.971619308)
        pose.Weight = 1
        pose.Parent = keyframe
    end
    do
        local pose = Instance.new("Pose")
        pose.Name = "Left Leg"
        pose.CFrame = CFrame.new(0.0773174316, 0.132053435, 0.245023102, 0.913794875, 0.129115701, 0.385107875, -0.120993197, 0.991616011, -0.045365274, -0.387737364, -0.00514092762, 0.921757162)
        pose.Weight = 1
        pose.Parent = keyframe
    end
    do
        local pose = Instance.new("Pose")
        pose.Name = "Right Arm"
        pose.CFrame = CFrame.new(2.712477e-07, -3.57627869e-07, 2.92062759e-06, 0.985423207, -0.122592822, -0.117951617, 0.127433032, 0.99125129, 0.034379445, 0.112704977, -0.0489092097, 0.992424488)
        pose.Weight = 1
        pose.Parent = keyframe
    end
    do
        local pose = Instance.new("Pose")
        pose.Name = "Right Leg"
        pose.CFrame = CFrame.new(0.428228319, 0.301252365, 0.0585611165, 0.977610528, 0.00462800264, -0.210370213, 0.000818729401, 0.999665856, 0.0257950649, 0.210419789, -0.0253897924, 0.977282703)
        pose.Weight = 1
        pose.Parent = keyframe
    end
    do
        local pose = Instance.new("Pose")
        pose.Name = "Left Arm"
        pose.CFrame = CFrame.new(-8.34465027e-07, -1.78813934e-07, 1.04308128e-06, 0.996802986, 0.0705137625, 0.037576355, -0.0694877878, 0.99719125, -0.0279474482, -0.0394415259, 0.0252469853, 0.998903215)
        pose.Weight = 1
        pose.Parent = keyframe
    end
    keyframe.Parent = KeyframeSequence
end
do
    local keyframe = Instance.new("Keyframe")
    keyframe.Time = 0.08888889104127884
    do
        local pose = Instance.new("Pose")
        pose.Name = "HumanoidRootPart"
        pose.CFrame = CFrame.new(0, 0, 0, 1, 0, 0, 0, 1, 0, 0, 0, 1)
        pose.Weight = 0
        pose.Parent = keyframe
    end
    do
        local pose = Instance.new("Pose")
        pose.Name = "Torso"
        pose.CFrame = CFrame.new(-0.00540991127, -0.236336559, -0.166979074, 0.996630967, -0.0813023224, -0.0108152907, 0.0797171444, 0.991225421, -0.10543932, 0.0192928445, 0.104221895, 0.994366944)
        pose.Weight = 1
        pose.Parent = keyframe
    end
    do
        local pose = Instance.new("Pose")
        pose.Name = "Head"
        pose.CFrame = CFrame.new(-2.98023224e-08, 5.96046448e-08, -1.49011612e-07, 0.971506834, 0.013132602, 0.236647457, -0.0720612109, 0.967562139, 0.242137864, -0.225791216, -0.252291679, 0.940939546)
        pose.Weight = 1
        pose.Parent = keyframe
    end
    do
        local pose = Instance.new("Pose")
        pose.Name = "Left Leg"
        pose.CFrame = CFrame.new(0.061369732, 0.125620723, 0.188683748, 0.921575904, 0.0286883898, 0.387138367, -0.0291543622, 0.999564171, -0.00467148796, -0.387105167, -0.00698182452, 0.922013283)
        pose.Weight = 1
        pose.Parent = keyframe
    end
    do
        local pose = Instance.new("Pose")
        pose.Name = "Right Arm"
        pose.CFrame = CFrame.new(-1.86264515e-07, -9.23871994e-07, 8.94069672e-07, 0.99281168, -0.0203152373, -0.117951602, 0.0245285332, 0.999108076, 0.0343794376, 0.1171479, -0.0370254815, 0.99242425)
        pose.Weight = 1
        pose.Parent = keyframe
    end
    do
        local pose = Instance.new("Pose")
        pose.Name = "Right Leg"
        pose.CFrame = CFrame.new(0.402176946, 0.258506715, 0.0569727421, 0.97313112, 0.095491372, -0.209518775, -0.0901832059, 0.995317817, 0.0347632058, 0.211857855, -0.0149340071, 0.977190673)
        pose.Weight = 1
        pose.Parent = keyframe
    end
    do
        local pose = Instance.new("Pose")
        pose.Name = "Left Arm"
        pose.CFrame = CFrame.new(1.11758709e-07, -4.76837158e-07, -5.36441803e-07, 0.99610126, 0.0839498341, -0.0271091685, -0.0846122503, 0.996118009, -0.0242868885, 0.0249650497, 0.0264859684, 0.999337316)
        pose.Weight = 1
        pose.Parent = keyframe
    end
    keyframe.Parent = KeyframeSequence
end
do
    local keyframe = Instance.new("Keyframe")
    keyframe.Time = 0.31111112236976624
    do
        local pose = Instance.new("Pose")
        pose.Name = "HumanoidRootPart"
        pose.CFrame = CFrame.new(0, 0, 0, 1, 0, 0, 0, 1, 0, 0, 0, 1)
        pose.Weight = 0
        pose.Parent = keyframe
    end
    do
        local pose = Instance.new("Pose")
        pose.Name = "Torso"
        pose.CFrame = CFrame.new(-0.0214897878, -0.16155526, -0.26116842, 0.984163702, -0.17685397, 0.0120324828, 0.174841225, 0.979661763, 0.0984563828, -0.0292001646, -0.0947934166, 0.995068669)
        pose.Weight = 1
        pose.Parent = keyframe
    end
    do
        local pose = Instance.new("Pose")
        pose.Name = "Head"
        pose.CFrame = CFrame.new(-1.04308128e-07, -8.94069672e-08, -1.1920929e-07, 0.963384032, -0.130227387, 0.234375626, 0.0162463635, 0.900873482, 0.433777452, -0.267632514, -0.41408655, 0.870002925)
        pose.Weight = 1
        pose.Parent = keyframe
    end
    do
        local pose = Instance.new("Pose")
        pose.Name = "Left Leg"
        pose.CFrame = CFrame.new(-0.117000379, 0.290058196, 0.266738892, 0.895766437, -0.265125185, 0.356812298, 0.238850445, 0.964021981, 0.116676778, -0.374910265, -0.0192903783, 0.926865697)
        pose.Weight = 1
        pose.Parent = keyframe
    end
    do
        local pose = Instance.new("Pose")
        pose.Name = "Right Arm"
        pose.CFrame = CFrame.new(-3.57627869e-07, -1.34110451e-06, 6.2584877e-07, 0.959582865, 0.144207597, -0.241671681, -0.135590822, 0.989399433, 0.0520056635, 0.246609315, -0.017135296, 0.968963623)
        pose.Weight = 1
        pose.Parent = keyframe
    end
    do
        local pose = Instance.new("Pose")
        pose.Name = "Right Leg"
        pose.CFrame = CFrame.new(0.188027233, 0.27387321, 0.0205538869, 0.947542429, 0.241384715, -0.20951885, -0.239488661, 0.970276117, 0.034763217, 0.211682901, 0.0172379166, 0.977190912)
        pose.Weight = 1
        pose.Parent = keyframe
    end
    do
        local pose = Instance.new("Pose")
        pose.Name = "Left Arm"
        pose.CFrame = CFrame.new(1.82539225e-07, -6.2584877e-07, -6.55651093e-07, 0.978035927, -0.0934656635, -0.18630667, 0.101096094, 0.994366348, 0.031864509, 0.182278782, -0.0499994904, 0.981974721)
        pose.Weight = 1
        pose.Parent = keyframe
    end
    keyframe.Parent = KeyframeSequence
end
do
    local keyframe = Instance.new("Keyframe")
    keyframe.Time = 0.5333333611488342
    do
        local pose = Instance.new("Pose")
        pose.Name = "HumanoidRootPart"
        pose.CFrame = CFrame.new(0, 0, 0, 1, 0, 0, 0, 1, 0, 0, 0, 1)
        pose.Weight = 0
        pose.Parent = keyframe
    end
    do
        local pose = Instance.new("Pose")
        pose.Name = "Torso"
        pose.CFrame = CFrame.new(-0.029568471, -0.131450266, -0.291771591, 0.977621138, -0.208342865, 0.0291632749, 0.201753661, 0.967785716, 0.150620878, -0.0596045777, -0.141366363, 0.988161445)
        pose.Weight = 1
        pose.Parent = keyframe
    end
    do
        local pose = Instance.new("Pose")
        pose.Name = "Head"
        pose.CFrame = CFrame.new(-2.23517418e-07, -2.98023224e-08, -3.87430191e-07, 0.942042947, -0.226927906, 0.247100502, 0.0598813742, 0.8384372, 0.541698396, -0.330104798, -0.495506376, 0.803432643)
        pose.Weight = 1
        pose.Parent = keyframe
    end
    do
        local pose = Instance.new("Pose")
        pose.Name = "Left Leg"
        pose.CFrame = CFrame.new(-0.231812462, 0.320134997, 0.277186424, 0.879331231, -0.332229793, 0.341176569, 0.291439444, 0.942041636, 0.166196629, -0.3766177, -0.0467095599, 0.925190926)
        pose.Weight = 1
        pose.Parent = keyframe
    end
    do
        local pose = Instance.new("Pose")
        pose.Name = "Right Arm"
        pose.CFrame = CFrame.new(-4.47034836e-07, -1.34110451e-06, 5.66244125e-07, 0.93334341, 0.201647133, -0.296999753, -0.191448227, 0.979455948, 0.0633588135, 0.303674161, -0.00227547809, 0.952773392)
        pose.Weight = 1
        pose.Parent = keyframe
    end
    do
        local pose = Instance.new("Pose")
        pose.Name = "Right Leg"
        pose.CFrame = CFrame.new(0.141236648, 0.285941005, -0.0325570703, 0.942593813, 0.260038674, -0.20951885, -0.258591652, 0.965360463, 0.034763217, 0.211301461, 0.0214124005, 0.977190912)
        pose.Weight = 1
        pose.Parent = keyframe
    end
    do
        local pose = Instance.new("Pose")
        pose.Name = "Left Arm"
        pose.CFrame = CFrame.new(1.12719135e-07, -2.68220901e-07, -6.55651093e-07, 0.974589944, -0.15874216, -0.158036798, 0.170836776, 0.983082771, 0.0660551339, 0.144877464, -0.0913751125, 0.985221267)
        pose.Weight = 1
        pose.Parent = keyframe
    end
    keyframe.Parent = KeyframeSequence
end
do
    local keyframe = Instance.new("Keyframe")
    keyframe.Time = 0.5444444417953491
    do
        local pose = Instance.new("Pose")
        pose.Name = "HumanoidRootPart"
        pose.CFrame = CFrame.new(0, 0, 0, 1, 0, 0, 0, 1, 0, 0, 0, 1)
        pose.Weight = 0
        pose.Parent = keyframe
    end
    do
        local pose = Instance.new("Pose")
        pose.Name = "Torso"
        pose.CFrame = CFrame.new(-0.0299369376, -0.13090083, -0.292596698, 0.977620959, -0.208369464, 0.028972201, 0.201753616, 0.967646956, 0.151508301, -0.0596045703, -0.142272443, 0.988031268)
        pose.Weight = 1
        pose.Parent = keyframe
    end
    do
        local pose = Instance.new("Pose")
        pose.Name = "Head"
        pose.CFrame = CFrame.new(-2.23517418e-07, -2.98023224e-08, -3.87430191e-07, 0.941318333, -0.230681032, 0.246386126, 0.0623332486, 0.836246848, 0.544798911, -0.331714392, -0.497471154, 0.801553547)
        pose.Weight = 1
        pose.Parent = keyframe
    end
    do
        local pose = Instance.new("Pose")
        pose.Name = "Left Leg"
        pose.CFrame = CFrame.new(-0.233066469, 0.320139706, 0.278247029, 0.878920138, -0.333313823, 0.341176391, 0.292601049, 0.941681087, 0.1661966, -0.37667501, -0.0462449752, 0.925190449)
        pose.Weight = 1
        pose.Parent = keyframe
    end
    do
        local pose = Instance.new("Pose")
        pose.Name = "Right Arm"
        pose.CFrame = CFrame.new(-4.47034836e-07, -1.34110451e-06, 5.06639481e-07, 0.93308264, 0.202711344, -0.297094077, -0.19198966, 0.979231298, 0.0651614368, 0.304132789, -0.00376202539, 0.952622175)
        pose.Weight = 1
        pose.Parent = keyframe
    end
    do
        local pose = Instance.new("Pose")
        pose.Name = "Right Leg"
        pose.CFrame = CFrame.new(0.140494049, 0.286731422, -0.0327115059, 0.942444146, 0.2606332, -0.209450096, -0.259146363, 0.965203285, 0.0350110792, 0.211286962, 0.021282237, 0.977192342)
        pose.Weight = 1
        pose.Parent = keyframe
    end
    do
        local pose = Instance.new("Pose")
        pose.Name = "Left Arm"
        pose.CFrame = CFrame.new(1.0500662e-07, -2.08616257e-07, -6.55651093e-07, 0.974783897, -0.159441218, -0.156124339, 0.17141448, 0.982958257, 0.0664086565, 0.142875448, -0.0914960578, 0.985502422)
        pose.Weight = 1
        pose.Parent = keyframe
    end
    keyframe.Parent = KeyframeSequence
end
do
    local keyframe = Instance.new("Keyframe")
    keyframe.Time = 0.5555555820465088
    do
        local pose = Instance.new("Pose")
        pose.Name = "HumanoidRootPart"
        pose.CFrame = CFrame.new(0, 0, 0, 1, 0, 0, 0, 1, 0, 0, 0, 1)
        pose.Weight = 0
        pose.Parent = keyframe
    end
    do
        local pose = Instance.new("Pose")
        pose.Name = "Torso"
        pose.CFrame = CFrame.new(-0.03030481, -0.130352303, -0.293420553, 0.977620959, -0.208395928, 0.028781414, 0.201753616, 0.967507839, 0.152394176, -0.0596045703, -0.143177003, 0.987900615)
        pose.Weight = 1
        pose.Parent = keyframe
    end
    do
        local pose = Instance.new("Pose")
        pose.Name = "Head"
        pose.CFrame = CFrame.new(-2.08616257e-07, -2.98023224e-08, -3.87430191e-07, 0.940583587, -0.234423161, 0.245658934, 0.064774029, 0.834041238, 0.547886491, -0.333326936, -0.499420732, 0.799669981)
        pose.Weight = 1
        pose.Parent = keyframe
    end
    do
        local pose = Instance.new("Pose")
        pose.Name = "Left Leg"
        pose.CFrame = CFrame.new(-0.234318525, 0.320144176, 0.279305875, 0.878509045, -0.334395766, 0.341176361, 0.293760359, 0.941320062, 0.1661966, -0.376731604, -0.0457811244, 0.925190449)
        pose.Weight = 1
        pose.Parent = keyframe
    end
    do
        local pose = Instance.new("Pose")
        pose.Name = "Right Arm"
        pose.CFrame = CFrame.new(-4.47034836e-07, -1.37090683e-06, 5.66244125e-07, 0.93282181, 0.203773856, -0.297186315, -0.192529261, 0.979003966, 0.0669610426, 0.304591477, -0.00524566509, 0.952468634)
        pose.Weight = 1
        pose.Parent = keyframe
    end
    do
        local pose = Instance.new("Pose")
        pose.Name = "Right Leg"
        pose.CFrame = CFrame.new(0.139752597, 0.287520349, -0.0328655839, 0.942294896, 0.261227459, -0.209381327, -0.259699911, 0.965045452, 0.0352585688, 0.211273, 0.0211523306, 0.977198184)
        pose.Weight = 1
        pose.Parent = keyframe
    end
    do
        local pose = Instance.new("Pose")
        pose.Name = "Left Arm"
        pose.CFrame = CFrame.new(1.27125531e-07, -2.98023224e-07, -6.55651093e-07, 0.9749735, -0.160139322, -0.154214591, 0.171990424, 0.982833683, 0.0667627454, 0.140875965, -0.0916153342, 0.985779166)
        pose.Weight = 1
        pose.Parent = keyframe
    end
    keyframe.Parent = KeyframeSequence
end
do
    local keyframe = Instance.new("Keyframe")
    keyframe.Time = 0.5666666626930237
    do
        local pose = Instance.new("Pose")
        pose.Name = "HumanoidRootPart"
        pose.CFrame = CFrame.new(0, 0, 0, 1, 0, 0, 0, 1, 0, 0, 0, 1)
        pose.Weight = 0
        pose.Parent = keyframe
    end
    do
        local pose = Instance.new("Pose")
        pose.Name = "Torso"
        pose.CFrame = CFrame.new(-0.030671481, -0.12980558, -0.294241667, 0.977620959, -0.208422095, 0.0285912231, 0.201753616, 0.967368424, 0.153277069, -0.0596045703, -0.144078493, 0.987769544)
        pose.Weight = 1
        pose.Parent = keyframe
    end
    do
        local pose = Instance.new("Pose")
        pose.Name = "Head"
        pose.CFrame = CFrame.new(-2.38418579e-07, 0, -3.87430191e-07, 0.939840078, -0.238148272, 0.244920269, 0.0671998262, 0.831824064, 0.550956309, -0.334939867, -0.501352251, 0.797785163)
        pose.Weight = 1
        pose.Parent = keyframe
    end
    do
        local pose = Instance.new("Pose")
        pose.Name = "Left Leg"
        pose.CFrame = CFrame.new(-0.235566452, 0.320148826, 0.280361295, 0.878098011, -0.335473776, 0.341176361, 0.294915497, 0.940958858, 0.166196585, -0.376787513, -0.0453187041, 0.925190449)
        pose.Weight = 1
        pose.Parent = keyframe
    end
    do
        local pose = Instance.new("Pose")
        pose.Name = "Right Arm"
        pose.CFrame = CFrame.new(-4.17232513e-07, -1.34110451e-06, 5.96046448e-07, 0.932561219, 0.204832911, -0.297276199, -0.19306612, 0.978773892, 0.0687546879, 0.305049419, -0.00672398135, 0.952312827)
        pose.Weight = 1
        pose.Parent = keyframe
    end
    do
        local pose = Instance.new("Pose")
        pose.Name = "Right Leg"
        pose.CFrame = CFrame.new(0.139013588, 0.288306713, -0.0330194235, 0.942145824, 0.261819601, -0.209312618, -0.260251522, 0.964887857, 0.0355052128, 0.211259156, 0.0210228357, 0.977203965)
        pose.Weight = 1
        pose.Parent = keyframe
    end
    do
        local pose = Instance.new("Pose")
        pose.Name = "Left Arm"
        pose.CFrame = CFrame.new(1.12690032e-07, -2.38418579e-07, -7.15255737e-07, 0.975158155, -0.160835341, -0.152310655, 0.172563747, 0.98270905, 0.0671168342, 0.138882294, -0.0917328224, 0.986051142)
        pose.Weight = 1
        pose.Parent = keyframe
    end
    keyframe.Parent = KeyframeSequence
end
do
    local keyframe = Instance.new("Keyframe")
    keyframe.Time = 0.5777778029441833
    do
        local pose = Instance.new("Pose")
        pose.Name = "HumanoidRootPart"
        pose.CFrame = CFrame.new(0, 0, 0, 1, 0, 0, 0, 1, 0, 0, 0, 1)
        pose.Weight = 0
        pose.Parent = keyframe
    end
    do
        local pose = Instance.new("Pose")
        pose.Name = "Torso"
        pose.CFrame = CFrame.new(-0.031036377, -0.129261494, -0.295058846, 0.977620959, -0.208448008, 0.0284019355, 0.201753661, 0.96722883, 0.154155523, -0.0596045777, -0.144975483, 0.987638295)
        pose.Weight = 1
        pose.Parent = keyframe
    end
    do
        local pose = Instance.new("Pose")
        pose.Name = "Head"
        pose.CFrame = CFrame.new(-2.16066837e-07, 0, -3.87430191e-07, 0.939089298, -0.241850257, 0.244171575, 0.0696067512, 0.82959944, 0.554003417, -0.336550444, -0.503262699, 0.795902312)
        pose.Weight = 1
        pose.Parent = keyframe
    end
    do
        local pose = Instance.new("Pose")
        pose.Name = "Left Leg"
        pose.CFrame = CFrame.new(-0.23680824, 0.320153236, 0.281411588, 0.877687573, -0.336546004, 0.341176391, 0.296064496, 0.940598011, 0.1661966, -0.376842618, -0.0448584855, 0.925190449)
        pose.Weight = 1
        pose.Parent = keyframe
    end
    do
        local pose = Instance.new("Pose")
        pose.Name = "Right Arm"
        pose.CFrame = CFrame.new(-3.87430191e-07, -1.37090683e-06, 5.66244125e-07, 0.932301164, 0.205886811, -0.297363728, -0.193599373, 0.978541553, 0.0705394596, 0.305505902, -0.00819458812, 0.952154934)
        pose.Weight = 1
        pose.Parent = keyframe
    end
    do
        local pose = Instance.new("Pose")
        pose.Name = "Right Leg"
        pose.CFrame = CFrame.new(0.138278171, 0.289089322, -0.0331722498, 0.941997051, 0.262408912, -0.209244117, -0.260800481, 0.964730501, 0.0357506275, 0.211245462, 0.0208939724, 0.977209687)
        pose.Weight = 1
        pose.Parent = keyframe
    end
    do
        local pose = Instance.new("Pose")
        pose.Name = "Left Arm"
        pose.CFrame = CFrame.new(1.34110451e-07, -2.98023224e-07, -7.15255737e-07, 0.975337803, -0.16152814, -0.150415599, 0.173133492, 0.982584655, 0.0674703047, 0.136897713, -0.0918483213, 0.986317873)
        pose.Weight = 1
        pose.Parent = keyframe
    end
    keyframe.Parent = KeyframeSequence
end
do
    local keyframe = Instance.new("Keyframe")
    keyframe.Time = 0.5888888835906982
    do
        local pose = Instance.new("Pose")
        pose.Name = "HumanoidRootPart"
        pose.CFrame = CFrame.new(0, 0, 0, 1, 0, 0, 0, 1, 0, 0, 0, 1)
        pose.Weight = 0
        pose.Parent = keyframe
    end
    do
        local pose = Instance.new("Pose")
        pose.Name = "Torso"
        pose.CFrame = CFrame.new(-0.0313988738, -0.128720954, -0.295870602, 0.977620959, -0.208473504, 0.0282138605, 0.201753616, 0.967089295, 0.155028075, -0.0596045703, -0.145866454, 0.987507105)
        pose.Weight = 1
        pose.Parent = keyframe
    end
    do
        local pose = Instance.new("Pose")
        pose.Name = "Head"
        pose.CFrame = CFrame.new(-2.38418579e-07, -2.98023224e-08, -4.47034836e-07, 0.938332558, -0.24552308, 0.243414208, 0.0719909221, 0.827371061, 0.55702275, -0.338155836, -0.505148947, 0.794024587)
        pose.Weight = 1
        pose.Parent = keyframe
    end
    do
        local pose = Instance.new("Pose")
        pose.Name = "Left Leg"
        pose.CFrame = CFrame.new(-0.238041997, 0.320157886, 0.282454997, 0.877278566, -0.337610781, 0.341176391, 0.297205627, 0.940237999, 0.166196615, -0.376896799, -0.0444012061, 0.925190449)
        pose.Weight = 1
        pose.Parent = keyframe
    end
    do
        local pose = Instance.new("Pose")
        pose.Name = "Right Arm"
        pose.CFrame = CFrame.new(-3.87430191e-07, -1.37090683e-06, 5.66244125e-07, 0.932042181, 0.206933856, -0.297448814, -0.194128186, 0.978307307, 0.0723124593, 0.305960238, -0.00965506211, 0.951995373)
        pose.Weight = 1
        pose.Parent = keyframe
    end
    do
        local pose = Instance.new("Pose")
        pose.Name = "Right Leg"
        pose.CFrame = CFrame.new(0.137547553, 0.289866865, -0.033324182, 0.941848993, 0.26299417, -0.209175915, -0.261345685, 0.96457392, 0.0359943882, 0.211231947, 0.0207659341, 0.97721535)
        pose.Weight = 1
        pose.Parent = keyframe
    end
    do
        local pose = Instance.new("Pose")
        pose.Name = "Left Arm"
        pose.CFrame = CFrame.new(1.20140612e-07, -2.98023224e-07, -7.74860382e-07, 0.975512087, -0.162216589, -0.148532569, 0.173698798, 0.982460618, 0.0678225681, 0.134925455, -0.0919616595, 0.986579001)
        pose.Weight = 1
        pose.Parent = keyframe
    end
    keyframe.Parent = KeyframeSequence
end
do
    local keyframe = Instance.new("Keyframe")
    keyframe.Time = 0.6000000238418579
    do
        local pose = Instance.new("Pose")
        pose.Name = "HumanoidRootPart"
        pose.CFrame = CFrame.new(0, 0, 0, 1, 0, 0, 0, 1, 0, 0, 0, 1)
        pose.Weight = 0
        pose.Parent = keyframe
    end
    do
        local pose = Instance.new("Pose")
        pose.Name = "Torso"
        pose.CFrame = CFrame.new(-0.0317584164, -0.12818487, -0.296675801, 0.977621019, -0.208498731, 0.0280272961, 0.201753661, 0.966950238, 0.15589343, -0.0596045777, -0.146750078, 0.987376213)
        pose.Weight = 1
        pose.Parent = keyframe
    end
    do
        local pose = Instance.new("Pose")
        pose.Name = "Head"
        pose.CFrame = CFrame.new(-2.08616257e-07, 2.98023224e-08, -3.57627869e-07, 0.937571287, -0.249160931, 0.242649853, 0.0743486136, 0.825143099, 0.560009956, -0.339753449, -0.507008553, 0.792155266)
        pose.Weight = 1
        pose.Parent = keyframe
    end
    do
        local pose = Instance.new("Pose")
        pose.Name = "Left Leg"
        pose.CFrame = CFrame.new(-0.239265621, 0.320162416, 0.283489913, 0.876871586, -0.33866632, 0.34117642, 0.298336983, 0.939879656, 0.166196629, -0.376949996, -0.0439475887, 0.925190449)
        pose.Weight = 1
        pose.Parent = keyframe
    end
    do
        local pose = Instance.new("Pose")
        pose.Name = "Right Arm"
        pose.CFrame = CFrame.new(-4.17232513e-07, -1.37090683e-06, 4.76837158e-07, 0.93178463, 0.207972378, -0.297531307, -0.194651753, 0.97807169, 0.0740708336, 0.306411624, -0.0111030787, 0.951834321)
        pose.Weight = 1
        pose.Parent = keyframe
    end
    do
        local pose = Instance.new("Pose")
        pose.Name = "Right Leg"
        pose.CFrame = CFrame.new(0.136822879, 0.29063803, -0.0334748626, 0.94170177, 0.2635746, -0.209108129, -0.261886358, 0.964418173, 0.0362361223, 0.21121861, 0.0206389371, 0.977220893)
        pose.Weight = 1
        pose.Parent = keyframe
    end
    do
        local pose = Instance.new("Pose")
        pose.Name = "Left Arm"
        pose.CFrame = CFrame.new(1.20140612e-07, -2.98023224e-07, -7.15255737e-07, 0.975680888, -0.162899569, -0.146664605, 0.174258694, 0.982337177, 0.0681730285, 0.132968739, -0.0920727029, 0.986834288)
        pose.Weight = 1
        pose.Parent = keyframe
    end
    keyframe.Parent = KeyframeSequence
end
do
    local keyframe = Instance.new("Keyframe")
    keyframe.Time = 0.6111111044883728
    do
        local pose = Instance.new("Pose")
        pose.Name = "HumanoidRootPart"
        pose.CFrame = CFrame.new(0, 0, 0, 1, 0, 0, 0, 1, 0, 0, 0, 1)
        pose.Weight = 0
        pose.Parent = keyframe
    end
    do
        local pose = Instance.new("Pose")
        pose.Name = "Torso"
        pose.CFrame = CFrame.new(-0.032114394, -0.127654091, -0.297472954, 0.977620959, -0.208523482, 0.0278425552, 0.201753676, 0.966811717, 0.156750098, -0.059604574, -0.147624835, 0.987245739)
        pose.Weight = 1
        pose.Parent = keyframe
    end
    do
        local pose = Instance.new("Pose")
        pose.Name = "Head"
        pose.CFrame = CFrame.new(-2.23517418e-07, 2.98023224e-08, -3.57627869e-07, 0.936807096, -0.252757788, 0.24187997, 0.0766761228, 0.822919846, 0.562959731, -0.341340274, -0.508838236, 0.790297687)
        pose.Weight = 1
        pose.Parent = keyframe
    end
    do
        local pose = Instance.new("Pose")
        pose.Name = "Left Leg"
        pose.CFrame = CFrame.new(-0.240477175, 0.320166886, 0.284514606, 0.876467407, -0.339710951, 0.34117642, 0.299456716, 0.939523458, 0.166196629, -0.37700209, -0.043498382, 0.925190389)
        pose.Weight = 1
        pose.Parent = keyframe
    end
    do
        local pose = Instance.new("Pose")
        pose.Name = "Right Arm"
        pose.CFrame = CFrame.new(-3.57627869e-07, -1.40070915e-06, 5.36441803e-07, 0.931529105, 0.209000617, -0.297611058, -0.195169181, 0.977835178, 0.0758116767, 0.306859255, -0.0125362799, 0.951672375)
        pose.Weight = 1
        pose.Parent = keyframe
    end
    do
        local pose = Instance.new("Pose")
        pose.Name = "Right Leg"
        pose.CFrame = CFrame.new(0.136105448, 0.291401565, -0.033624053, 0.941555738, 0.26414907, -0.209040835, -0.262421548, 0.964263737, 0.0364754125, 0.211205438, 0.0205131806, 0.977226436)
        pose.Weight = 1
        pose.Parent = keyframe
    end
    do
        local pose = Instance.new("Pose")
        pose.Name = "Left Arm"
        pose.CFrame = CFrame.new(1.12690032e-07, -2.38418579e-07, -7.15255737e-07, 0.975844026, -0.163575932, -0.144814759, 0.174812302, 0.98221457, 0.0685210824, 0.131030768, -0.0921812952, 0.987083316)
        pose.Weight = 1
        pose.Parent = keyframe
    end
    keyframe.Parent = KeyframeSequence
end
do
    local keyframe = Instance.new("Keyframe")
    keyframe.Time = 0.6222222447395325
    do
        local pose = Instance.new("Pose")
        pose.Name = "HumanoidRootPart"
        pose.CFrame = CFrame.new(0, 0, 0, 1, 0, 0, 0, 1, 0, 0, 0, 1)
        pose.Weight = 0
        pose.Parent = keyframe
    end
    do
        local pose = Instance.new("Pose")
        pose.Name = "Torso"
        pose.CFrame = CFrame.new(-0.0324662514, -0.127129421, -0.298260927, 0.977620959, -0.208547771, 0.0276599377, 0.201753646, 0.966674089, 0.157596678, -0.0596045777, -0.148489326, 0.987116098)
        pose.Weight = 1
        pose.Parent = keyframe
    end
    do
        local pose = Instance.new("Pose")
        pose.Name = "Head"
        pose.CFrame = CFrame.new(-2.16066837e-07, 5.96046448e-08, -3.57627869e-07, 0.936041594, -0.256308079, 0.241106391, 0.078969866, 0.820705414, 0.565867901, -0.342913806, -0.510635734, 0.788455009)
        pose.Weight = 1
        pose.Parent = keyframe
    end
    do
        local pose = Instance.new("Pose")
        pose.Name = "Left Leg"
        pose.CFrame = CFrame.new(-0.241674677, 0.320171177, 0.285527289, 0.876066685, -0.340743005, 0.34117642, 0.300563037, 0.939170122, 0.166196644, -0.377053052, -0.0430543311, 0.925190449)
        pose.Weight = 1
        pose.Parent = keyframe
    end
    do
        local pose = Instance.new("Pose")
        pose.Name = "Right Arm"
        pose.CFrame = CFrame.new(-3.57627869e-07, -1.40070915e-06, 4.76837158e-07, 0.931275845, 0.210016906, -0.297688097, -0.195679665, 0.97759819, 0.0775321871, 0.307302445, -0.0139523447, 0.951509595)
        pose.Weight = 1
        pose.Parent = keyframe
    end
    do
        local pose = Instance.new("Pose")
        pose.Name = "Right Leg"
        pose.CFrame = CFrame.new(0.135396302, 0.29215616, -0.0337715149, 0.941411018, 0.264716923, -0.208974198, -0.26295054, 0.964110613, 0.0367119014, 0.211192504, 0.0203888826, 0.977231801)
        pose.Weight = 1
        pose.Parent = keyframe
    end
    do
        local pose = Instance.new("Pose")
        pose.Name = "Left Arm"
        pose.CFrame = CFrame.new(1.20140612e-07, -2.98023224e-07, -7.74860382e-07, 0.976001382, -0.164244622, -0.142986074, 0.175358772, 0.982093096, 0.0688661337, 0.129114732, -0.092287302, 0.987325907)
        pose.Weight = 1
        pose.Parent = keyframe
    end
    keyframe.Parent = KeyframeSequence
end
do
    local keyframe = Instance.new("Keyframe")
    keyframe.Time = 0.6333333253860474
    do
        local pose = Instance.new("Pose")
        pose.Name = "HumanoidRootPart"
        pose.CFrame = CFrame.new(0, 0, 0, 1, 0, 0, 0, 1, 0, 0, 0, 1)
        pose.Weight = 0
        pose.Parent = keyframe
    end
    do
        local pose = Instance.new("Pose")
        pose.Name = "Torso"
        pose.CFrame = CFrame.new(-0.0328134038, -0.126611769, -0.299038351, 0.977620959, -0.208571568, 0.0274797361, 0.201753631, 0.966537535, 0.158431828, -0.0596045703, -0.149342149, 0.986987412)
        pose.Weight = 1
        pose.Parent = keyframe
    end
    do
        local pose = Instance.new("Pose")
        pose.Name = "Head"
        pose.CFrame = CFrame.new(-2.08616257e-07, 5.96046448e-08, -2.68220901e-07, 0.935276449, -0.259806037, 0.240330726, 0.0812263265, 0.818504035, 0.568729758, -0.344471067, -0.512398362, 0.78663063)
        pose.Weight = 1
        pose.Parent = keyframe
    end
    do
        local pose = Instance.new("Pose")
        pose.Name = "Left Leg"
        pose.CFrame = CFrame.new(-0.242856175, 0.320175588, 0.286526561, 0.875670195, -0.341760755, 0.34117642, 0.30165416, 0.938820243, 0.166196644, -0.377102822, -0.0426161662, 0.925190449)
        pose.Weight = 1
        pose.Parent = keyframe
    end
    do
        local pose = Instance.new("Pose")
        pose.Name = "Right Arm"
        pose.CFrame = CFrame.new(-3.57627869e-07, -1.40070915e-06, 5.66244125e-07, 0.931025445, 0.211019665, -0.297762364, -0.196182489, 0.977361321, 0.0792295784, 0.30774042, -0.0153489932, 0.951346576)
        pose.Weight = 1
        pose.Parent = keyframe
    end
    do
        local pose = Instance.new("Pose")
        pose.Name = "Right Leg"
        pose.CFrame = CFrame.new(0.134696588, 0.292900681, -0.0339169502, 0.941267967, 0.265277028, -0.208908334, -0.263472319, 0.963959217, 0.0369451903, 0.211179838, 0.0202662311, 0.977237105)
        pose.Weight = 1
        pose.Parent = keyframe
    end
    do
        local pose = Instance.new("Pose")
        pose.Name = "Left Arm"
        pose.CFrame = CFrame.new(1.34110451e-07, -2.98023224e-07, -7.74860382e-07, 0.976152837, -0.164904565, -0.141181543, 0.17589727, 0.981972754, 0.0692075863, 0.127223775, -0.0923906192, 0.987561703)
        pose.Weight = 1
        pose.Parent = keyframe
    end
    keyframe.Parent = KeyframeSequence
end
do
    local keyframe = Instance.new("Keyframe")
    keyframe.Time = 0.644444465637207
    do
        local pose = Instance.new("Pose")
        pose.Name = "HumanoidRootPart"
        pose.CFrame = CFrame.new(0, 0, 0, 1, 0, 0, 0, 1, 0, 0, 0, 1)
        pose.Weight = 0
        pose.Parent = keyframe
    end
    do
        local pose = Instance.new("Pose")
        pose.Name = "Torso"
        pose.CFrame = CFrame.new(-0.0331552923, -0.126102, -0.299803972, 0.977620959, -0.208594888, 0.0273022465, 0.201753646, 0.966402352, 0.159254238, -0.059604574, -0.150181964, 0.986859977)
        pose.Weight = 1
        pose.Parent = keyframe
    end
    do
        local pose = Instance.new("Pose")
        pose.Name = "Head"
        pose.CFrame = CFrame.new(-2.16066837e-07, 2.98023224e-08, -3.27825546e-07, 0.934513211, -0.263246179, 0.239554822, 0.0834420174, 0.816319942, 0.571541071, -0.346009374, -0.514123797, 0.78482759)
        pose.Weight = 1
        pose.Parent = keyframe
    end
    do
        local pose = Instance.new("Pose")
        pose.Name = "Left Leg"
        pose.CFrame = CFrame.new(-0.244019762, 0.32017982, 0.287510633, 0.875278473, -0.342762649, 0.341176361, 0.302728355, 0.938474417, 0.166196615, -0.377151281, -0.042184554, 0.925190449)
        pose.Weight = 1
        pose.Parent = keyframe
    end
    do
        local pose = Instance.new("Pose")
        pose.Name = "Right Arm"
        pose.CFrame = CFrame.new(-2.98023224e-07, -1.34110451e-06, 5.06639481e-07, 0.930778146, 0.212007195, -0.297833741, -0.196676791, 0.977124989, 0.0809010714, 0.308172405, -0.0167239793, 0.951183498)
        pose.Weight = 1
        pose.Parent = keyframe
    end
    do
        local pose = Instance.new("Pose")
        pose.Name = "Right Leg"
        pose.CFrame = CFrame.new(0.134007588, 0.293634057, -0.0340602994, 0.941126823, 0.26582852, -0.208843336, -0.26398614, 0.963809788, 0.0371749029, 0.21116741, 0.0201454312, 0.977242291)
        pose.Weight = 1
        pose.Parent = keyframe
    end
    do
        local pose = Instance.new("Pose")
        pose.Name = "Left Arm"
        pose.CFrame = CFrame.new(1.34110451e-07, -2.98023224e-07, -7.15255737e-07, 0.976298213, -0.165554568, -0.139404058, 0.176426873, 0.981853902, 0.0695448294, 0.125360966, -0.0924911126, 0.987790525)
        pose.Weight = 1
        pose.Parent = keyframe
    end
    keyframe.Parent = KeyframeSequence
end
do
    local keyframe = Instance.new("Keyframe")
    keyframe.Time = 0.6555555462837219
    do
        local pose = Instance.new("Pose")
        pose.Name = "HumanoidRootPart"
        pose.CFrame = CFrame.new(0, 0, 0, 1, 0, 0, 0, 1, 0, 0, 0, 1)
        pose.Weight = 0
        pose.Parent = keyframe
    end
    do
        local pose = Instance.new("Pose")
        pose.Name = "Torso"
        pose.CFrame = CFrame.new(-0.0334913731, -0.125600889, -0.30055663, 0.977621019, -0.208617643, 0.0271277595, 0.201753631, 0.966268897, 0.160062507, -0.0596045703, -0.151007339, 0.986734092)
        pose.Weight = 1
        pose.Parent = keyframe
    end
    do
        local pose = Instance.new("Pose")
        pose.Name = "Head"
        pose.CFrame = CFrame.new(-2.08616257e-07, 2.98023224e-08, -3.27825546e-07, 0.933753729, -0.26662302, 0.238780603, 0.0856137276, 0.814157724, 0.574297428, -0.347525984, -0.515809536, 0.783049345)
        pose.Weight = 1
        pose.Parent = keyframe
    end
    do
        local pose = Instance.new("Pose")
        pose.Name = "Left Leg"
        pose.CFrame = CFrame.new(-0.24516353, 0.320184052, 0.288477957, 0.874892354, -0.343747079, 0.341176391, 0.303783894, 0.93813324, 0.166196615, -0.377198517, -0.0417602509, 0.925190449)
        pose.Weight = 1
        pose.Parent = keyframe
    end
    do
        local pose = Instance.new("Pose")
        pose.Name = "Right Arm"
        pose.CFrame = CFrame.new(-3.27825546e-07, -1.31130219e-06, 5.66244125e-07, 0.930534601, 0.212977871, -0.297902256, -0.197161809, 0.976889789, 0.0825439692, 0.308597714, -0.0180750825, 0.951020896)
        pose.Weight = 1
        pose.Parent = keyframe
    end
    do
        local pose = Instance.new("Pose")
        pose.Name = "Right Leg"
        pose.CFrame = CFrame.new(0.133330211, 0.294354796, -0.0342010856, 0.940987706, 0.266370565, -0.208779261, -0.264491111, 0.963662624, 0.0374006741, 0.211155221, 0.0200266801, 0.977247357)
        pose.Weight = 1
        pose.Parent = keyframe
    end
    do
        local pose = Instance.new("Pose")
        pose.Name = "Left Arm"
        pose.CFrame = CFrame.new(1.27591193e-07, -2.98023224e-07, -8.34465027e-07, 0.976437569, -0.166193649, -0.137656569, 0.176946774, 0.98173672, 0.0698772818, 0.123529345, -0.0925886929, 0.988012016)
        pose.Weight = 1
        pose.Parent = keyframe
    end
    keyframe.Parent = KeyframeSequence
end
do
    local keyframe = Instance.new("Keyframe")
    keyframe.Time = 0.6666666865348816
    do
        local pose = Instance.new("Pose")
        pose.Name = "HumanoidRootPart"
        pose.CFrame = CFrame.new(0, 0, 0, 1, 0, 0, 0, 1, 0, 0, 0, 1)
        pose.Weight = 0
        pose.Parent = keyframe
    end
    do
        local pose = Instance.new("Pose")
        pose.Name = "Torso"
        pose.CFrame = CFrame.new(-0.0338210836, -0.125109255, -0.301294953, 0.977620959, -0.208639786, 0.0269565526, 0.201753601, 0.966137171, 0.160855383, -0.0596045628, -0.151817024, 0.986609817)
        pose.Weight = 1
        pose.Parent = keyframe
    end
    do
        local pose = Instance.new("Pose")
        pose.Name = "Head"
        pose.CFrame = CFrame.new(-2.23517418e-07, 2.98023224e-08, -3.27825546e-07, 0.932999671, -0.269931376, 0.23800981, 0.0877381414, 0.812021554, 0.576994836, -0.349018097, -0.517453492, 0.781299114)
        pose.Weight = 1
        pose.Parent = keyframe
    end
    do
        local pose = Instance.new("Pose")
        pose.Name = "Left Leg"
        pose.CFrame = CFrame.new(-0.246285707, 0.320188105, 0.289427042, 0.874512434, -0.344712466, 0.341176391, 0.304819137, 0.937797427, 0.166196615, -0.377244353, -0.0413439199, 0.925190449)
        pose.Weight = 1
        pose.Parent = keyframe
    end
    do
        local pose = Instance.new("Pose")
        pose.Name = "Right Arm"
        pose.CFrame = CFrame.new(-3.27825546e-07, -1.37090683e-06, 5.66244125e-07, 0.930295169, 0.213930145, -0.297967821, -0.197636798, 0.976656318, 0.0841555893, 0.309015542, -0.0194001347, 0.950859129)
        pose.Weight = 1
        pose.Parent = keyframe
    end
    do
        local pose = Instance.new("Pose")
        pose.Name = "Right Leg"
        pose.CFrame = CFrame.new(0.132665724, 0.295061946, -0.0343393087, 0.940851033, 0.266902328, -0.208716348, -0.264986515, 0.963517904, 0.0376221426, 0.21114336, 0.0199101754, 0.977252305)
        pose.Weight = 1
        pose.Parent = keyframe
    end
    do
        local pose = Instance.new("Pose")
        pose.Name = "Left Arm"
        pose.CFrame = CFrame.new(1.41561031e-07, -2.68220901e-07, -7.74860382e-07, 0.976570845, -0.16682075, -0.135941938, 0.177456185, 0.981621444, 0.0702043474, 0.121731982, -0.0926832557, 0.988226235)
        pose.Weight = 1
        pose.Parent = keyframe
    end
    keyframe.Parent = KeyframeSequence
end
do
    local keyframe = Instance.new("Keyframe")
    keyframe.Time = 0.6777777671813965
    do
        local pose = Instance.new("Pose")
        pose.Name = "HumanoidRootPart"
        pose.CFrame = CFrame.new(0, 0, 0, 1, 0, 0, 0, 1, 0, 0, 0, 1)
        pose.Weight = 0
        pose.Parent = keyframe
    end
    do
        local pose = Instance.new("Pose")
        pose.Name = "Torso"
        pose.CFrame = CFrame.new(-0.0341438875, -0.124627903, -0.302017868, 0.977620959, -0.208661407, 0.0267889164, 0.201753616, 0.96600759, 0.161631569, -0.0596045665, -0.152609661, 0.986487508)
        pose.Weight = 1
        pose.Parent = keyframe
    end
    do
        local pose = Instance.new("Pose")
        pose.Name = "Head"
        pose.CFrame = CFrame.new(-2.30967999e-07, 5.96046448e-08, -3.87430191e-07, 0.932252884, -0.273165941, 0.237244502, 0.0898121521, 0.809916019, 0.579629064, -0.35048306, -0.519053459, 0.779580116)
        pose.Weight = 1
        pose.Parent = keyframe
    end
    do
        local pose = Instance.new("Pose")
        pose.Name = "Left Leg"
        pose.CFrame = CFrame.new(-0.247384325, 0.320192218, 0.290356159, 0.874139428, -0.345657259, 0.341176391, 0.305832297, 0.937467456, 0.166196615, -0.377288818, -0.0409362465, 0.925190449)
        pose.Weight = 1
        pose.Parent = keyframe
    end
    do
        local pose = Instance.new("Pose")
        pose.Name = "Right Arm"
