local KeyframeSequence = Instance.new("KeyframeSequence")
do
    local keyframe = Instance.new("Keyframe")
    keyframe.Time = 0
    local pose_saita_ma_Keyframe_HumanoidRootPart = Instance.new("Pose")
    pose_saita_ma_Keyframe_HumanoidRootPart.Name = "HumanoidRootPart"
    pose_saita_ma_Keyframe_HumanoidRootPart.CFrame = CFrame.new(0, 0, 0, 1, 0, 0, 0, 1, 0, 0, 0, 1)
    pose_saita_ma_Keyframe_HumanoidRootPart.Weight = 0
    local pose_saita_ma_Keyframe_HumanoidRootPart_Torso = Instance.new("Pose")
    pose_saita_ma_Keyframe_HumanoidRootPart_Torso.Name = "Torso"
    pose_saita_ma_Keyframe_HumanoidRootPart_Torso.CFrame = CFrame.new(-0.0054094064980745316, -0.23633620142936707, -0.16697894036769867, 0.9966309666633606, -0.0818713903427124, -0.004910496063530445, 0.07971714437007904, 0.9810116291046143, -0.17680899798870087, 0.019292844459414482, 0.17582182586193085, 0.9842329025268555)
    pose_saita_ma_Keyframe_HumanoidRootPart_Torso.Weight = 1
    local pose_saita_ma_Keyframe_HumanoidRootPart_Torso_Head = Instance.new("Pose")
    pose_saita_ma_Keyframe_HumanoidRootPart_Torso_Head.Name = "Head"
    pose_saita_ma_Keyframe_HumanoidRootPart_Torso_Head.CFrame = CFrame.new(1.341104507446289e-07, -0.0000014137476682662964, 1.7881393432617188e-07, 0.9721100926399231, -0.04045587778091431, 0.23101046681404114, 0.02945006638765335, 0.9982698559761047, 0.05089447647333145, -0.2326696813106537, -0.042671799659729004, 0.9716193079948425)
    pose_saita_ma_Keyframe_HumanoidRootPart_Torso_Head.Weight = 1
    local pose_saita_ma_Keyframe_HumanoidRootPart_Torso_Left_Leg = Instance.new("Pose")
    pose_saita_ma_Keyframe_HumanoidRootPart_Torso_Left_Leg.Name = "Left Leg"
    pose_saita_ma_Keyframe_HumanoidRootPart_Torso_Left_Leg.CFrame = CFrame.new(0.07731743156909943, 0.1320534348487854, 0.24502310156822205, 0.9137948751449585, 0.12911570072174072, 0.3851078748703003, -0.12099319696426392, 0.9916160106658936, -0.04536527395248413, -0.38773736357688904, -0.005140927620232105, 0.921757161617279)
    pose_saita_ma_Keyframe_HumanoidRootPart_Torso_Left_Leg.Weight = 1
    local pose_saita_ma_Keyframe_HumanoidRootPart_Torso_Right_Arm = Instance.new("Pose")
    pose_saita_ma_Keyframe_HumanoidRootPart_Torso_Right_Arm.Name = "Right Arm"
    pose_saita_ma_Keyframe_HumanoidRootPart_Torso_Right_Arm.CFrame = CFrame.new(2.712476998567581e-07, -3.5762786865234375e-07, 0.0000029206275939941406, 0.98542320728302, -0.12259282171726227, -0.11795161664485931, 0.12743303179740906, 0.9912512898445129, 0.034379445016384125, 0.11270497739315033, -0.04890920966863632, 0.992424488067627)
    pose_saita_ma_Keyframe_HumanoidRootPart_Torso_Right_Arm.Weight = 1
    local pose_saita_ma_Keyframe_HumanoidRootPart_Torso_Right_Leg = Instance.new("Pose")
    pose_saita_ma_Keyframe_HumanoidRootPart_Torso_Right_Leg.Name = "Right Leg"
    pose_saita_ma_Keyframe_HumanoidRootPart_Torso_Right_Leg.CFrame = CFrame.new(0.42822831869125366, 0.3012523651123047, 0.058561116456985474, 0.9776105284690857, 0.004628002643585205, -0.21037021279335022, 0.0008187294006347656, 0.9996658563613892, 0.025795064866542816, 0.21041978895664215, -0.025389792397618294, 0.977282702922821)
    pose_saita_ma_Keyframe_HumanoidRootPart_Torso_Right_Leg.Weight = 1
    local pose_saita_ma_Keyframe_HumanoidRootPart_Torso_Left_Arm = Instance.new("Pose")
    pose_saita_ma_Keyframe_HumanoidRootPart_Torso_Left_Arm.Name = "Left Arm"
    pose_saita_ma_Keyframe_HumanoidRootPart_Torso_Left_Arm.CFrame = CFrame.new(-8.344650268554688e-07, -1.7881393432617188e-07, 0.000001043081283569336, 0.9968029856681824, 0.0705137625336647, 0.037576355040073395, -0.0694877877831459, 0.9971912503242493, -0.027947448194026947, -0.03944152593612671, 0.025246985256671906, 0.998903214931488)
    pose_saita_ma_Keyframe_HumanoidRootPart_Torso_Left_Arm.Weight = 1
    pose_saita_ma_Keyframe_HumanoidRootPart.Parent = keyframe
    pose_saita_ma_Keyframe_HumanoidRootPart_Torso.Parent = pose_saita_ma_Keyframe_HumanoidRootPart
    pose_saita_ma_Keyframe_HumanoidRootPart_Torso_Head.Parent = pose_saita_ma_Keyframe_HumanoidRootPart_Torso
    pose_saita_ma_Keyframe_HumanoidRootPart_Torso_Left_Leg.Parent = pose_saita_ma_Keyframe_HumanoidRootPart_Torso
    pose_saita_ma_Keyframe_HumanoidRootPart_Torso_Right_Arm.Parent = pose_saita_ma_Keyframe_HumanoidRootPart_Torso
    pose_saita_ma_Keyframe_HumanoidRootPart_Torso_Right_Leg.Parent = pose_saita_ma_Keyframe_HumanoidRootPart_Torso
    pose_saita_ma_Keyframe_HumanoidRootPart_Torso_Left_Arm.Parent = pose_saita_ma_Keyframe_HumanoidRootPart_Torso
    keyframe.Parent = KeyframeSequence
end
do
    local keyframe = Instance.new("Keyframe")
    keyframe.Time = 0.08888889104127884
    local pose_saita_ma_Keyframe_HumanoidRootPart = Instance.new("Pose")
    pose_saita_ma_Keyframe_HumanoidRootPart.Name = "HumanoidRootPart"
    pose_saita_ma_Keyframe_HumanoidRootPart.CFrame = CFrame.new(0, 0, 0, 1, 0, 0, 0, 1, 0, 0, 0, 1)
    pose_saita_ma_Keyframe_HumanoidRootPart.Weight = 0
    local pose_saita_ma_Keyframe_HumanoidRootPart_Torso = Instance.new("Pose")
    pose_saita_ma_Keyframe_HumanoidRootPart_Torso.Name = "Torso"
    pose_saita_ma_Keyframe_HumanoidRootPart_Torso.CFrame = CFrame.new(-0.005409911274909973, -0.23633655905723572, -0.16697907447814941, 0.9966309666633606, -0.08130232244729996, -0.010815290734171867, 0.07971714437007904, 0.9912254214286804, -0.10543932020664215, 0.019292844459414482, 0.1042218953371048, 0.9943669438362122)
    pose_saita_ma_Keyframe_HumanoidRootPart_Torso.Weight = 1
    local pose_saita_ma_Keyframe_HumanoidRootPart_Torso_Head = Instance.new("Pose")
    pose_saita_ma_Keyframe_HumanoidRootPart_Torso_Head.Name = "Head"
    pose_saita_ma_Keyframe_HumanoidRootPart_Torso_Head.CFrame = CFrame.new(-2.9802322387695312e-08, 5.960464477539063e-08, -1.4901161193847656e-07, 0.9715068340301514, 0.013132601976394653, 0.23664745688438416, -0.0720612108707428, 0.9675621390342712, 0.2421378642320633, -0.22579121589660645, -0.2522916793823242, 0.9409395456314087)
    pose_saita_ma_Keyframe_HumanoidRootPart_Torso_Head.Weight = 1
    local pose_saita_ma_Keyframe_HumanoidRootPart_Torso_Left_Leg = Instance.new("Pose")
    pose_saita_ma_Keyframe_HumanoidRootPart_Torso_Left_Leg.Name = "Left Leg"
    pose_saita_ma_Keyframe_HumanoidRootPart_Torso_Left_Leg.CFrame = CFrame.new(0.06136973202228546, 0.12562072277069092, 0.18868374824523926, 0.9215759038925171, 0.02868838980793953, 0.38713836669921875, -0.02915436215698719, 0.9995641708374023, -0.004671487957239151, -0.38710516691207886, -0.006981824524700642, 0.9220132827758789)
    pose_saita_ma_Keyframe_HumanoidRootPart_Torso_Left_Leg.Weight = 1
    local pose_saita_ma_Keyframe_HumanoidRootPart_Torso_Right_Arm = Instance.new("Pose")
    pose_saita_ma_Keyframe_HumanoidRootPart_Torso_Right_Arm.Name = "Right Arm"
    pose_saita_ma_Keyframe_HumanoidRootPart_Torso_Right_Arm.CFrame = CFrame.new(-1.862645149230957e-07, -9.238719940185547e-07, 8.940696716308594e-07, 0.9928116798400879, -0.02031523734331131, -0.11795160174369812, 0.024528533220291138, 0.999108076095581, 0.03437943756580353, 0.11714790016412735, -0.03702548146247864, 0.9924242496490479)
    pose_saita_ma_Keyframe_HumanoidRootPart_Torso_Right_Arm.Weight = 1
    local pose_saita_ma_Keyframe_HumanoidRootPart_Torso_Right_Leg = Instance.new("Pose")
    pose_saita_ma_Keyframe_HumanoidRootPart_Torso_Right_Leg.Name = "Right Leg"
    pose_saita_ma_Keyframe_HumanoidRootPart_Torso_Right_Leg.CFrame = CFrame.new(0.40217694640159607, 0.258506715297699, 0.05697274208068848, 0.9731311202049255, 0.09549137204885483, -0.20951877534389496, -0.09018320590257645, 0.995317816734314, 0.03476320579648018, 0.2118578553199768, -0.014934007078409195, 0.9771906733512878)
    pose_saita_ma_Keyframe_HumanoidRootPart_Torso_Right_Leg.Weight = 1
    local pose_saita_ma_Keyframe_HumanoidRootPart_Torso_Left_Arm = Instance.new("Pose")
    pose_saita_ma_Keyframe_HumanoidRootPart_Torso_Left_Arm.Name = "Left Arm"
    pose_saita_ma_Keyframe_HumanoidRootPart_Torso_Left_Arm.CFrame = CFrame.new(1.1175870895385742e-07, -4.76837158203125e-07, -5.364418029785156e-07, 0.9961012601852417, 0.08394983410835266, -0.027109168469905853, -0.08461225032806396, 0.9961180090904236, -0.024286888539791107, 0.02496504969894886, 0.026485968381166458, 0.9993373155593872)
    pose_saita_ma_Keyframe_HumanoidRootPart_Torso_Left_Arm.Weight = 1
    pose_saita_ma_Keyframe_HumanoidRootPart.Parent = keyframe
    pose_saita_ma_Keyframe_HumanoidRootPart_Torso.Parent = pose_saita_ma_Keyframe_HumanoidRootPart
    pose_saita_ma_Keyframe_HumanoidRootPart_Torso_Head.Parent = pose_saita_ma_Keyframe_HumanoidRootPart_Torso
    pose_saita_ma_Keyframe_HumanoidRootPart_Torso_Left_Leg.Parent = pose_saita_ma_Keyframe_HumanoidRootPart_Torso
    pose_saita_ma_Keyframe_HumanoidRootPart_Torso_Right_Arm.Parent = pose_saita_ma_Keyframe_HumanoidRootPart_Torso
    pose_saita_ma_Keyframe_HumanoidRootPart_Torso_Right_Leg.Parent = pose_saita_ma_Keyframe_HumanoidRootPart_Torso
    pose_saita_ma_Keyframe_HumanoidRootPart_Torso_Left_Arm.Parent = pose_saita_ma_Keyframe_HumanoidRootPart_Torso
    keyframe.Parent = KeyframeSequence
end
do
    local keyframe = Instance.new("Keyframe")
    keyframe.Time = 0.31111112236976624
    local pose_saita_ma_Keyframe_HumanoidRootPart = Instance.new("Pose")
    pose_saita_ma_Keyframe_HumanoidRootPart.Name = "HumanoidRootPart"
    pose_saita_ma_Keyframe_HumanoidRootPart.CFrame = CFrame.new(0, 0, 0, 1, 0, 0, 0, 1, 0, 0, 0, 1)
    pose_saita_ma_Keyframe_HumanoidRootPart.Weight = 0
    local pose_saita_ma_Keyframe_HumanoidRootPart_Torso = Instance.new("Pose")
    pose_saita_ma_Keyframe_HumanoidRootPart_Torso.Name = "Torso"
    pose_saita_ma_Keyframe_HumanoidRootPart_Torso.CFrame = CFrame.new(-0.021489787846803665, -0.16155526041984558, -0.2611684203147888, 0.9841637015342712, -0.1768539696931839, 0.012032482773065567, 0.17484122514724731, 0.979661762714386, 0.09845638275146484, -0.02920016460120678, -0.0947934165596962, 0.9950686693191528)
    pose_saita_ma_Keyframe_HumanoidRootPart_Torso.Weight = 1
    local pose_saita_ma_Keyframe_HumanoidRootPart_Torso_Head = Instance.new("Pose")
    pose_saita_ma_Keyframe_HumanoidRootPart_Torso_Head.Name = "Head"
    pose_saita_ma_Keyframe_HumanoidRootPart_Torso_Head.CFrame = CFrame.new(-1.043081283569336e-07, -8.940696716308594e-08, -1.1920928955078125e-07, 0.9633840322494507, -0.13022738695144653, 0.23437562584877014, 0.016246363520622253, 0.9008734822273254, 0.43377745151519775, -0.26763251423835754, -0.41408655047416687, 0.8700029253959656)
    pose_saita_ma_Keyframe_HumanoidRootPart_Torso_Head.Weight = 1
    local pose_saita_ma_Keyframe_HumanoidRootPart_Torso_Left_Leg = Instance.new("Pose")
    pose_saita_ma_Keyframe_HumanoidRootPart_Torso_Left_Leg.Name = "Left Leg"
    pose_saita_ma_Keyframe_HumanoidRootPart_Torso_Left_Leg.CFrame = CFrame.new(-0.11700037866830826, 0.2900581955909729, 0.2667388916015625, 0.8957664370536804, -0.26512518525123596, 0.3568122982978821, 0.2388504445552826, 0.9640219807624817, 0.11667677760124207, -0.37491026520729065, -0.0192903783172369, 0.9268656969070435)
    pose_saita_ma_Keyframe_HumanoidRootPart_Torso_Left_Leg.Weight = 1
    local pose_saita_ma_Keyframe_HumanoidRootPart_Torso_Right_Arm = Instance.new("Pose")
    pose_saita_ma_Keyframe_HumanoidRootPart_Torso_Right_Arm.Name = "Right Arm"
    pose_saita_ma_Keyframe_HumanoidRootPart_Torso_Right_Arm.CFrame = CFrame.new(-3.5762786865234375e-07, -0.000001341104507446289, 6.258487701416016e-07, 0.9595828652381897, 0.14420759677886963, -0.24167168140411377, -0.1355908215045929, 0.9893994331359863, 0.05200566351413727, 0.24660931527614594, -0.017135296016931534, 0.968963623046875)
    pose_saita_ma_Keyframe_HumanoidRootPart_Torso_Right_Arm.Weight = 1
    local pose_saita_ma_Keyframe_HumanoidRootPart_Torso_Right_Leg = Instance.new("Pose")
    pose_saita_ma_Keyframe_HumanoidRootPart_Torso_Right_Leg.Name = "Right Leg"
    pose_saita_ma_Keyframe_HumanoidRootPart_Torso_Right_Leg.CFrame = CFrame.new(0.18802723288536072, 0.2738732099533081, 0.020553886890411377, 0.9475424289703369, 0.24138471484184265, -0.20951884984970093, -0.2394886612892151, 0.9702761173248291, 0.034763216972351074, 0.21168290078639984, 0.017237916588783264, 0.9771909117698669)
    pose_saita_ma_Keyframe_HumanoidRootPart_Torso_Right_Leg.Weight = 1
    local pose_saita_ma_Keyframe_HumanoidRootPart_Torso_Left_Arm = Instance.new("Pose")
    pose_saita_ma_Keyframe_HumanoidRootPart_Torso_Left_Arm.Name = "Left Arm"
    pose_saita_ma_Keyframe_HumanoidRootPart_Torso_Left_Arm.CFrame = CFrame.new(1.825392246246338e-07, -6.258487701416016e-07, -6.556510925292969e-07, 0.9780359268188477, -0.0934656634926796, -0.1863066703081131, 0.10109609365463257, 0.9943663477897644, 0.031864508986473083, 0.18227878212928772, -0.04999949038028717, 0.981974720954895)
    pose_saita_ma_Keyframe_HumanoidRootPart_Torso_Left_Arm.Weight = 1
    pose_saita_ma_Keyframe_HumanoidRootPart.Parent = keyframe
    pose_saita_ma_Keyframe_HumanoidRootPart_Torso.Parent = pose_saita_ma_Keyframe_HumanoidRootPart
    pose_saita_ma_Keyframe_HumanoidRootPart_Torso_Head.Parent = pose_saita_ma_Keyframe_HumanoidRootPart_Torso
    pose_saita_ma_Keyframe_HumanoidRootPart_Torso_Left_Leg.Parent = pose_saita_ma_Keyframe_HumanoidRootPart_Torso
    pose_saita_ma_Keyframe_HumanoidRootPart_Torso_Right_Arm.Parent = pose_saita_ma_Keyframe_HumanoidRootPart_Torso
    pose_saita_ma_Keyframe_HumanoidRootPart_Torso_Right_Leg.Parent = pose_saita_ma_Keyframe_HumanoidRootPart_Torso
    pose_saita_ma_Keyframe_HumanoidRootPart_Torso_Left_Arm.Parent = pose_saita_ma_Keyframe_HumanoidRootPart_Torso
    keyframe.Parent = KeyframeSequence
end
do
    local keyframe = Instance.new("Keyframe")
    keyframe.Time = 0.5333333611488342
    local pose_saita_ma_Keyframe_HumanoidRootPart = Instance.new("Pose")
    pose_saita_ma_Keyframe_HumanoidRootPart.Name = "HumanoidRootPart"
    pose_saita_ma_Keyframe_HumanoidRootPart.CFrame = CFrame.new(0, 0, 0, 1, 0, 0, 0, 1, 0, 0, 0, 1)
    pose_saita_ma_Keyframe_HumanoidRootPart.Weight = 0
    local pose_saita_ma_Keyframe_HumanoidRootPart_Torso = Instance.new("Pose")
    pose_saita_ma_Keyframe_HumanoidRootPart_Torso.Name = "Torso"
    pose_saita_ma_Keyframe_HumanoidRootPart_Torso.CFrame = CFrame.new(-0.029568471014499664, -0.13145026564598083, -0.2917715907096863, 0.9776211380958557, -0.20834286510944366, 0.02916327491402626, 0.2017536610364914, 0.9677857160568237, 0.15062087774276733, -0.05960457772016525, -0.1413663625717163, 0.9881614446640015)
    pose_saita_ma_Keyframe_HumanoidRootPart_Torso.Weight = 1
    local pose_saita_ma_Keyframe_HumanoidRootPart_Torso_Head = Instance.new("Pose")
    pose_saita_ma_Keyframe_HumanoidRootPart_Torso_Head.Name = "Head"
    pose_saita_ma_Keyframe_HumanoidRootPart_Torso_Head.CFrame = CFrame.new(-2.2351741790771484e-07, -2.9802322387695312e-08, -3.8743019104003906e-07, 0.9420429468154907, -0.22692790627479553, 0.24710050225257874, 0.05988137423992157, 0.8384371995925903, 0.5416983962059021, -0.330104798078537, -0.4955063760280609, 0.8034326434135437)
    pose_saita_ma_Keyframe_HumanoidRootPart_Torso_Head.Weight = 1
    local pose_saita_ma_Keyframe_HumanoidRootPart_Torso_Left_Leg = Instance.new("Pose")
    pose_saita_ma_Keyframe_HumanoidRootPart_Torso_Left_Leg.Name = "Left Leg"
    pose_saita_ma_Keyframe_HumanoidRootPart_Torso_Left_Leg.CFrame = CFrame.new(-0.2318124622106552, 0.3201349973678589, 0.27718642354011536, 0.8793312311172485, -0.3322297930717468, 0.3411765694618225, 0.2914394438266754, 0.9420416355133057, 0.16619662940502167, -0.3766176998615265, -0.046709559857845306, 0.9251909255981445)
    pose_saita_ma_Keyframe_HumanoidRootPart_Torso_Left_Leg.Weight = 1
    local pose_saita_ma_Keyframe_HumanoidRootPart_Torso_Right_Arm = Instance.new("Pose")
    pose_saita_ma_Keyframe_HumanoidRootPart_Torso_Right_Arm.Name = "Right Arm"
    pose_saita_ma_Keyframe_HumanoidRootPart_Torso_Right_Arm.CFrame = CFrame.new(-4.470348358154297e-07, -0.000001341104507446289, 5.662441253662109e-07, 0.9333434104919434, 0.20164713263511658, -0.2969997525215149, -0.19144822657108307, 0.9794559478759766, 0.06335881352424622, 0.3036741614341736, -0.002275478094816208, 0.95277339220047)
    pose_saita_ma_Keyframe_HumanoidRootPart_Torso_Right_Arm.Weight = 1
    local pose_saita_ma_Keyframe_HumanoidRootPart_Torso_Right_Leg = Instance.new("Pose")
    pose_saita_ma_Keyframe_HumanoidRootPart_Torso_Right_Leg.Name = "Right Leg"
    pose_saita_ma_Keyframe_HumanoidRootPart_Torso_Right_Leg.CFrame = CFrame.new(0.14123664796352386, 0.2859410047531128, -0.03255707025527954, 0.9425938129425049, 0.26003867387771606, -0.20951884984970093, -0.2585916519165039, 0.9653604626655579, 0.034763216972351074, 0.21130146086215973, 0.021412400528788567, 0.9771909117698669)
    pose_saita_ma_Keyframe_HumanoidRootPart_Torso_Right_Leg.Weight = 1
    local pose_saita_ma_Keyframe_HumanoidRootPart_Torso_Left_Arm = Instance.new("Pose")
    pose_saita_ma_Keyframe_HumanoidRootPart_Torso_Left_Arm.Name = "Left Arm"
    pose_saita_ma_Keyframe_HumanoidRootPart_Torso_Left_Arm.CFrame = CFrame.new(1.1271913535892963e-07, -2.682209014892578e-07, -6.556510925292969e-07, 0.9745899438858032, -0.15874215960502625, -0.15803679823875427, 0.17083677649497986, 0.9830827713012695, 0.06605513393878937, 0.14487746357917786, -0.09137511253356934, 0.985221266746521)
    pose_saita_ma_Keyframe_HumanoidRootPart_Torso_Left_Arm.Weight = 1
    pose_saita_ma_Keyframe_HumanoidRootPart.Parent = keyframe
    pose_saita_ma_Keyframe_HumanoidRootPart_Torso.Parent = pose_saita_ma_Keyframe_HumanoidRootPart
    pose_saita_ma_Keyframe_HumanoidRootPart_Torso_Head.Parent = pose_saita_ma_Keyframe_HumanoidRootPart_Torso
    pose_saita_ma_Keyframe_HumanoidRootPart_Torso_Left_Leg.Parent = pose_saita_ma_Keyframe_HumanoidRootPart_Torso
    pose_saita_ma_Keyframe_HumanoidRootPart_Torso_Right_Arm.Parent = pose_saita_ma_Keyframe_HumanoidRootPart_Torso
    pose_saita_ma_Keyframe_HumanoidRootPart_Torso_Right_Leg.Parent = pose_saita_ma_Keyframe_HumanoidRootPart_Torso
    pose_saita_ma_Keyframe_HumanoidRootPart_Torso_Left_Arm.Parent = pose_saita_ma_Keyframe_HumanoidRootPart_Torso
    keyframe.Parent = KeyframeSequence
end
do
    local keyframe = Instance.new("Keyframe")
    keyframe.Time = 0.5444444417953491
    local pose_saita_ma_Keyframe_HumanoidRootPart = Instance.new("Pose")
    pose_saita_ma_Keyframe_HumanoidRootPart.Name = "HumanoidRootPart"
    pose_saita_ma_Keyframe_HumanoidRootPart.CFrame = CFrame.new(0, 0, 0, 1, 0, 0, 0, 1, 0, 0, 0, 1)
    pose_saita_ma_Keyframe_HumanoidRootPart.Weight = 0
    local pose_saita_ma_Keyframe_HumanoidRootPart_Torso = Instance.new("Pose")
    pose_saita_ma_Keyframe_HumanoidRootPart_Torso.Name = "Torso"
    pose_saita_ma_Keyframe_HumanoidRootPart_Torso.CFrame = CFrame.new(-0.029936937615275383, -0.13090083003044128, -0.292596697807312, 0.9776209592819214, -0.20836946368217468, 0.02897220104932785, 0.2017536163330078, 0.9676469564437866, 0.15150830149650574, -0.059604570269584656, -0.1422724425792694, 0.988031268119812)
    pose_saita_ma_Keyframe_HumanoidRootPart_Torso.Weight = 1
    local pose_saita_ma_Keyframe_HumanoidRootPart_Torso_Head = Instance.new("Pose")
    pose_saita_ma_Keyframe_HumanoidRootPart_Torso_Head.Name = "Head"
    pose_saita_ma_Keyframe_HumanoidRootPart_Torso_Head.CFrame = CFrame.new(-2.2351741790771484e-07, -2.9802322387695312e-08, -3.8743019104003906e-07, 0.9413183331489563, -0.23068103194236755, 0.24638612568378448, 0.06233324855566025, 0.8362468481063843, 0.5447989106178284, -0.331714391708374, -0.4974711537361145, 0.8015535473823547)
    pose_saita_ma_Keyframe_HumanoidRootPart_Torso_Head.Weight = 1
    local pose_saita_ma_Keyframe_HumanoidRootPart_Torso_Left_Leg = Instance.new("Pose")
    pose_saita_ma_Keyframe_HumanoidRootPart_Torso_Left_Leg.Name = "Left Leg"
    pose_saita_ma_Keyframe_HumanoidRootPart_Torso_Left_Leg.CFrame = CFrame.new(-0.23306646943092346, 0.32013970613479614, 0.27824702858924866, 0.8789201378822327, -0.33331382274627686, 0.3411763906478882, 0.2926010489463806, 0.9416810870170593, 0.16619659960269928, -0.376675009727478, -0.04624497517943382, 0.9251904487609863)
    pose_saita_ma_Keyframe_HumanoidRootPart_Torso_Left_Leg.Weight = 1
    local pose_saita_ma_Keyframe_HumanoidRootPart_Torso_Right_Arm = Instance.new("Pose")
    pose_saita_ma_Keyframe_HumanoidRootPart_Torso_Right_Arm.Name = "Right Arm"
    pose_saita_ma_Keyframe_HumanoidRootPart_Torso_Right_Arm.CFrame = CFrame.new(-4.470348358154297e-07, -0.000001341104507446289, 5.066394805908203e-07, 0.933082640171051, 0.2027113437652588, -0.29709407687187195, -0.19198966026306152, 0.9792312979698181, 0.06516143679618835, 0.3041327893733978, -0.003762025386095047, 0.9526221752166748)
    pose_saita_ma_Keyframe_HumanoidRootPart_Torso_Right_Arm.Weight = 1
    local pose_saita_ma_Keyframe_HumanoidRootPart_Torso_Right_Leg = Instance.new("Pose")
    pose_saita_ma_Keyframe_HumanoidRootPart_Torso_Right_Leg.Name = "Right Leg"
    pose_saita_ma_Keyframe_HumanoidRootPart_Torso_Right_Leg.CFrame = CFrame.new(0.14049404859542847, 0.28673142194747925, -0.03271150588989258, 0.9424441456794739, 0.2606332004070282, -0.20945009589195251, -0.2591463625431061, 0.9652032852172852, 0.03501107916235924, 0.21128696203231812, 0.021282237023115158, 0.9771923422813416)
    pose_saita_ma_Keyframe_HumanoidRootPart_Torso_Right_Leg.Weight = 1
    local pose_saita_ma_Keyframe_HumanoidRootPart_Torso_Left_Arm = Instance.new("Pose")
    pose_saita_ma_Keyframe_HumanoidRootPart_Torso_Left_Arm.Name = "Left Arm"
    pose_saita_ma_Keyframe_HumanoidRootPart_Torso_Left_Arm.CFrame = CFrame.new(1.050066202878952e-07, -2.086162567138672e-07, -6.556510925292969e-07, 0.9747838973999023, -0.15944121778011322, -0.15612433850765228, 0.17141447961330414, 0.9829582571983337, 0.0664086565375328, 0.14287544786930084, -0.0914960578083992, 0.9855024218559265)
    pose_saita_ma_Keyframe_HumanoidRootPart_Torso_Left_Arm.Weight = 1
    pose_saita_ma_Keyframe_HumanoidRootPart.Parent = keyframe
    pose_saita_ma_Keyframe_HumanoidRootPart_Torso.Parent = pose_saita_ma_Keyframe_HumanoidRootPart
    pose_saita_ma_Keyframe_HumanoidRootPart_Torso_Head.Parent = pose_saita_ma_Keyframe_HumanoidRootPart_Torso
    pose_saita_ma_Keyframe_HumanoidRootPart_Torso_Left_Leg.Parent = pose_saita_ma_Keyframe_HumanoidRootPart_Torso
    pose_saita_ma_Keyframe_HumanoidRootPart_Torso_Right_Arm.Parent = pose_saita_ma_Keyframe_HumanoidRootPart_Torso
    pose_saita_ma_Keyframe_HumanoidRootPart_Torso_Right_Leg.Parent = pose_saita_ma_Keyframe_HumanoidRootPart_Torso
    pose_saita_ma_Keyframe_HumanoidRootPart_Torso_Left_Arm.Parent = pose_saita_ma_Keyframe_HumanoidRootPart_Torso
    keyframe.Parent = KeyframeSequence
end
do
    local keyframe = Instance.new("Keyframe")
    keyframe.Time = 0.5555555820465088
    local pose_saita_ma_Keyframe_HumanoidRootPart = Instance.new("Pose")
    pose_saita_ma_Keyframe_HumanoidRootPart.Name = "HumanoidRootPart"
    pose_saita_ma_Keyframe_HumanoidRootPart.CFrame = CFrame.new(0, 0, 0, 1, 0, 0, 0, 1, 0, 0, 0, 1)
    pose_saita_ma_Keyframe_HumanoidRootPart.Weight = 0
    local pose_saita_ma_Keyframe_HumanoidRootPart_Torso = Instance.new("Pose")
    pose_saita_ma_Keyframe_HumanoidRootPart_Torso.Name = "Torso"
    pose_saita_ma_Keyframe_HumanoidRootPart_Torso.CFrame = CFrame.new(-0.030304810032248497, -0.13035230338573456, -0.29342055320739746, 0.9776209592819214, -0.20839592814445496, 0.028781414031982422, 0.2017536163330078, 0.9675078392028809, 0.15239417552947998, -0.059604570269584656, -0.14317700266838074, 0.9879006147384644)
    pose_saita_ma_Keyframe_HumanoidRootPart_Torso.Weight = 1
    local pose_saita_ma_Keyframe_HumanoidRootPart_Torso_Head = Instance.new("Pose")
    pose_saita_ma_Keyframe_HumanoidRootPart_Torso_Head.Name = "Head"
    pose_saita_ma_Keyframe_HumanoidRootPart_Torso_Head.CFrame = CFrame.new(-2.086162567138672e-07, -2.9802322387695312e-08, -3.8743019104003906e-07, 0.9405835866928101, -0.23442316055297852, 0.24565893411636353, 0.0647740289568901, 0.8340412378311157, 0.5478864908218384, -0.33332693576812744, -0.49942073225975037, 0.7996699810028076)
    pose_saita_ma_Keyframe_HumanoidRootPart_Torso_Head.Weight = 1
    local pose_saita_ma_Keyframe_HumanoidRootPart_Torso_Left_Leg = Instance.new("Pose")
    pose_saita_ma_Keyframe_HumanoidRootPart_Torso_Left_Leg.Name = "Left Leg"
    pose_saita_ma_Keyframe_HumanoidRootPart_Torso_Left_Leg.CFrame = CFrame.new(-0.23431852459907532, 0.3201441764831543, 0.2793058753013611, 0.8785090446472168, -0.33439576625823975, 0.3411763608455658, 0.29376035928726196, 0.9413200616836548, 0.16619659960269928, -0.37673160433769226, -0.045781124383211136, 0.9251904487609863)
    pose_saita_ma_Keyframe_HumanoidRootPart_Torso_Left_Leg.Weight = 1
    local pose_saita_ma_Keyframe_HumanoidRootPart_Torso_Right_Arm = Instance.new("Pose")
    pose_saita_ma_Keyframe_HumanoidRootPart_Torso_Right_Arm.Name = "Right Arm"
    pose_saita_ma_Keyframe_HumanoidRootPart_Torso_Right_Arm.CFrame = CFrame.new(-4.470348358154297e-07, -0.0000013709068298339844, 5.662441253662109e-07, 0.9328218102455139, 0.2037738561630249, -0.29718631505966187, -0.19252926111221313, 0.9790039658546448, 0.06696104258298874, 0.30459147691726685, -0.005245665088295937, 0.9524686336517334)
    pose_saita_ma_Keyframe_HumanoidRootPart_Torso_Right_Arm.Weight = 1
    local pose_saita_ma_Keyframe_HumanoidRootPart_Torso_Right_Leg = Instance.new("Pose")
    pose_saita_ma_Keyframe_HumanoidRootPart_Torso_Right_Leg.Name = "Right Leg"
    pose_saita_ma_Keyframe_HumanoidRootPart_Torso_Right_Leg.CFrame = CFrame.new(0.139752596616745, 0.2875203490257263, -0.03286558389663696, 0.9422948956489563, 0.26122745871543884, -0.2093813270330429, -0.25969991087913513, 0.9650454521179199, 0.035258568823337555, 0.21127299964427948, 0.021152330562472343, 0.9771981835365295)
    pose_saita_ma_Keyframe_HumanoidRootPart_Torso_Right_Leg.Weight = 1
    local pose_saita_ma_Keyframe_HumanoidRootPart_Torso_Left_Arm = Instance.new("Pose")
    pose_saita_ma_Keyframe_HumanoidRootPart_Torso_Left_Arm.Name = "Left Arm"
    pose_saita_ma_Keyframe_HumanoidRootPart_Torso_Left_Arm.CFrame = CFrame.new(1.2712553143501282e-07, -2.980232238769531e-07, -6.556510925292969e-07, 0.9749734997749329, -0.1601393222808838, -0.15421459078788757, 0.17199042439460754, 0.9828336834907532, 0.06676274538040161, 0.14087596535682678, -0.09161533415317535, 0.9857791662216187)
    pose_saita_ma_Keyframe_HumanoidRootPart_Torso_Left_Arm.Weight = 1
    pose_saita_ma_Keyframe_HumanoidRootPart.Parent = keyframe
    pose_saita_ma_Keyframe_HumanoidRootPart_Torso.Parent = pose_saita_ma_Keyframe_HumanoidRootPart
    pose_saita_ma_Keyframe_HumanoidRootPart_Torso_Head.Parent = pose_saita_ma_Keyframe_HumanoidRootPart_Torso
    pose_saita_ma_Keyframe_HumanoidRootPart_Torso_Left_Leg.Parent = pose_saita_ma_Keyframe_HumanoidRootPart_Torso
    pose_saita_ma_Keyframe_HumanoidRootPart_Torso_Right_Arm.Parent = pose_saita_ma_Keyframe_HumanoidRootPart_Torso
    pose_saita_ma_Keyframe_HumanoidRootPart_Torso_Right_Leg.Parent = pose_saita_ma_Keyframe_HumanoidRootPart_Torso
    pose_saita_ma_Keyframe_HumanoidRootPart_Torso_Left_Arm.Parent = pose_saita_ma_Keyframe_HumanoidRootPart_Torso
    keyframe.Parent = KeyframeSequence
end
do
    local keyframe = Instance.new("Keyframe")
    keyframe.Time = 0.5666666626930237
    local pose_saita_ma_Keyframe_HumanoidRootPart = Instance.new("Pose")
    pose_saita_ma_Keyframe_HumanoidRootPart.Name = "HumanoidRootPart"
    pose_saita_ma_Keyframe_HumanoidRootPart.CFrame = CFrame.new(0, 0, 0, 1, 0, 0, 0, 1, 0, 0, 0, 1)
    pose_saita_ma_Keyframe_HumanoidRootPart.Weight = 0
    local pose_saita_ma_Keyframe_HumanoidRootPart_Torso = Instance.new("Pose")
    pose_saita_ma_Keyframe_HumanoidRootPart_Torso.Name = "Torso"
    pose_saita_ma_Keyframe_HumanoidRootPart_Torso.CFrame = CFrame.new(-0.030671481043100357, -0.1298055797815323, -0.29424166679382324, 0.9776209592819214, -0.20842209458351135, 0.028591223061084747, 0.2017536163330078, 0.9673684239387512, 0.15327706933021545, -0.059604570269584656, -0.14407849311828613, 0.9877695441246033)
    pose_saita_ma_Keyframe_HumanoidRootPart_Torso.Weight = 1
    local pose_saita_ma_Keyframe_HumanoidRootPart_Torso_Head = Instance.new("Pose")
    pose_saita_ma_Keyframe_HumanoidRootPart_Torso_Head.Name = "Head"
    pose_saita_ma_Keyframe_HumanoidRootPart_Torso_Head.CFrame = CFrame.new(-2.384185791015625e-07, 0, -3.8743019104003906e-07, 0.9398400783538818, -0.2381482720375061, 0.2449202686548233, 0.06719982624053955, 0.8318240642547607, 0.5509563088417053, -0.3349398672580719, -0.5013522505760193, 0.7977851629257202)
    pose_saita_ma_Keyframe_HumanoidRootPart_Torso_Head.Weight = 1
    local pose_saita_ma_Keyframe_HumanoidRootPart_Torso_Left_Leg = Instance.new("Pose")
    pose_saita_ma_Keyframe_HumanoidRootPart_Torso_Left_Leg.Name = "Left Leg"
    pose_saita_ma_Keyframe_HumanoidRootPart_Torso_Left_Leg.CFrame = CFrame.new(-0.23556645214557648, 0.3201488256454468, 0.2803612947463989, 0.8780980110168457, -0.33547377586364746, 0.3411763608455658, 0.29491549730300903, 0.9409588575363159, 0.16619658470153809, -0.3767875134944916, -0.04531870409846306, 0.9251904487609863)
    pose_saita_ma_Keyframe_HumanoidRootPart_Torso_Left_Leg.Weight = 1
    local pose_saita_ma_Keyframe_HumanoidRootPart_Torso_Right_Arm = Instance.new("Pose")
    pose_saita_ma_Keyframe_HumanoidRootPart_Torso_Right_Arm.Name = "Right Arm"
    pose_saita_ma_Keyframe_HumanoidRootPart_Torso_Right_Arm.CFrame = CFrame.new(-4.172325134277344e-07, -0.000001341104507446289, 5.960464477539062e-07, 0.9325612187385559, 0.20483291149139404, -0.29727619886398315, -0.19306612014770508, 0.9787738919258118, 0.06875468790531158, 0.30504941940307617, -0.006723981350660324, 0.9523128271102905)
    pose_saita_ma_Keyframe_HumanoidRootPart_Torso_Right_Arm.Weight = 1
    local pose_saita_ma_Keyframe_HumanoidRootPart_Torso_Right_Leg = Instance.new("Pose")
    pose_saita_ma_Keyframe_HumanoidRootPart_Torso_Right_Leg.Name = "Right Leg"
    pose_saita_ma_Keyframe_HumanoidRootPart_Torso_Right_Leg.CFrame = CFrame.new(0.13901358842849731, 0.28830671310424805, -0.033019423484802246, 0.942145824432373, 0.26181960105895996, -0.20931261777877808, -0.260251522064209, 0.9648878574371338, 0.03550521284341812, 0.2112591564655304, 0.02102283574640751, 0.9772039651870728)
    pose_saita_ma_Keyframe_HumanoidRootPart_Torso_Right_Leg.Weight = 1
    local pose_saita_ma_Keyframe_HumanoidRootPart_Torso_Left_Arm = Instance.new("Pose")
    pose_saita_ma_Keyframe_HumanoidRootPart_Torso_Left_Arm.Name = "Left Arm"
    pose_saita_ma_Keyframe_HumanoidRootPart_Torso_Left_Arm.CFrame = CFrame.new(1.126900315284729e-07, -2.384185791015625e-07, -7.152557373046875e-07, 0.975158154964447, -0.16083534061908722, -0.15231065452098846, 0.17256374657154083, 0.9827090501785278, 0.06711683422327042, 0.13888229429721832, -0.09173282235860825, 0.9860511422157288)
    pose_saita_ma_Keyframe_HumanoidRootPart_Torso_Left_Arm.Weight = 1
    pose_saita_ma_Keyframe_HumanoidRootPart.Parent = keyframe
    pose_saita_ma_Keyframe_HumanoidRootPart_Torso.Parent = pose_saita_ma_Keyframe_HumanoidRootPart
    pose_saita_ma_Keyframe_HumanoidRootPart_Torso_Head.Parent = pose_saita_ma_Keyframe_HumanoidRootPart_Torso
    pose_saita_ma_Keyframe_HumanoidRootPart_Torso_Left_Leg.Parent = pose_saita_ma_Keyframe_HumanoidRootPart_Torso
    pose_saita_ma_Keyframe_HumanoidRootPart_Torso_Right_Arm.Parent = pose_saita_ma_Keyframe_HumanoidRootPart_Torso
    pose_saita_ma_Keyframe_HumanoidRootPart_Torso_Right_Leg.Parent = pose_saita_ma_Keyframe_HumanoidRootPart_Torso
    pose_saita_ma_Keyframe_HumanoidRootPart_Torso_Left_Arm.Parent = pose_saita_ma_Keyframe_HumanoidRootPart_Torso
    keyframe.Parent = KeyframeSequence
end
do
    local keyframe = Instance.new("Keyframe")
    keyframe.Time = 0.5777778029441833
    local pose_saita_ma_Keyframe_HumanoidRootPart = Instance.new("Pose")
    pose_saita_ma_Keyframe_HumanoidRootPart.Name = "HumanoidRootPart"
    pose_saita_ma_Keyframe_HumanoidRootPart.CFrame = CFrame.new(0, 0, 0, 1, 0, 0, 0, 1, 0, 0, 0, 1)
    pose_saita_ma_Keyframe_HumanoidRootPart.Weight = 0
    local pose_saita_ma_Keyframe_HumanoidRootPart_Torso = Instance.new("Pose")
    pose_saita_ma_Keyframe_HumanoidRootPart_Torso.Name = "Torso"
    pose_saita_ma_Keyframe_HumanoidRootPart_Torso.CFrame = CFrame.new(-0.031036376953125, -0.12926149368286133, -0.29505884647369385, 0.9776209592819214, -0.20844800770282745, 0.02840193547308445, 0.2017536610364914, 0.9672288298606873, 0.15415552258491516, -0.05960457772016525, -0.144975483417511, 0.9876382946968079)
    pose_saita_ma_Keyframe_HumanoidRootPart_Torso.Weight = 1
    local pose_saita_ma_Keyframe_HumanoidRootPart_Torso_Head = Instance.new("Pose")
    pose_saita_ma_Keyframe_HumanoidRootPart_Torso_Head.Name = "Head"
    pose_saita_ma_Keyframe_HumanoidRootPart_Torso_Head.CFrame = CFrame.new(-2.1606683731079102e-07, 0, -3.8743019104003906e-07, 0.939089298248291, -0.24185025691986084, 0.24417157471179962, 0.06960675120353699, 0.8295994400978088, 0.5540034174919128, -0.33655044436454773, -0.5032626986503601, 0.7959023118019104)
    pose_saita_ma_Keyframe_HumanoidRootPart_Torso_Head.Weight = 1
    local pose_saita_ma_Keyframe_HumanoidRootPart_Torso_Left_Leg = Instance.new("Pose")
    pose_saita_ma_Keyframe_HumanoidRootPart_Torso_Left_Leg.Name = "Left Leg"
    pose_saita_ma_Keyframe_HumanoidRootPart_Torso_Left_Leg.CFrame = CFrame.new(-0.23680824041366577, 0.32015323638916016, 0.2814115881919861, 0.8776875734329224, -0.33654600381851196, 0.3411763906478882, 0.29606449604034424, 0.9405980110168457, 0.16619659960269928, -0.3768426179885864, -0.04485848546028137, 0.9251904487609863)
    pose_saita_ma_Keyframe_HumanoidRootPart_Torso_Left_Leg.Weight = 1
    local pose_saita_ma_Keyframe_HumanoidRootPart_Torso_Right_Arm = Instance.new("Pose")
    pose_saita_ma_Keyframe_HumanoidRootPart_Torso_Right_Arm.Name = "Right Arm"
    pose_saita_ma_Keyframe_HumanoidRootPart_Torso_Right_Arm.CFrame = CFrame.new(-3.8743019104003906e-07, -0.0000013709068298339844, 5.662441253662109e-07, 0.9323011636734009, 0.2058868110179901, -0.2973637282848358, -0.1935993731021881, 0.9785415530204773, 0.0705394595861435, 0.3055059015750885, -0.008194588124752045, 0.9521549344062805)
    pose_saita_ma_Keyframe_HumanoidRootPart_Torso_Right_Arm.Weight = 1
    local pose_saita_ma_Keyframe_HumanoidRootPart_Torso_Right_Leg = Instance.new("Pose")
    pose_saita_ma_Keyframe_HumanoidRootPart_Torso_Right_Leg.Name = "Right Leg"
    pose_saita_ma_Keyframe_HumanoidRootPart_Torso_Right_Leg.CFrame = CFrame.new(0.13827817142009735, 0.2890893220901489, -0.03317224979400635, 0.9419970512390137, 0.26240891218185425, -0.20924411714076996, -0.26080048084259033, 0.9647305011749268, 0.035750627517700195, 0.21124546229839325, 0.020893972367048264, 0.9772096872329712)
    pose_saita_ma_Keyframe_HumanoidRootPart_Torso_Right_Leg.Weight = 1
    local pose_saita_ma_Keyframe_HumanoidRootPart_Torso_Left_Arm = Instance.new("Pose")
    pose_saita_ma_Keyframe_HumanoidRootPart_Torso_Left_Arm.Name = "Left Arm"
    pose_saita_ma_Keyframe_HumanoidRootPart_Torso_Left_Arm.CFrame = CFrame.new(1.341104507446289e-07, -2.980232238769531e-07, -7.152557373046875e-07, 0.9753378033638, -0.16152814030647278, -0.1504155993461609, 0.1731334924697876, 0.9825846552848816, 0.06747030466794968, 0.1368977129459381, -0.09184832125902176, 0.9863178730010986)
    pose_saita_ma_Keyframe_HumanoidRootPart_Torso_Left_Arm.Weight = 1
    pose_saita_ma_Keyframe_HumanoidRootPart.Parent = keyframe
    pose_saita_ma_Keyframe_HumanoidRootPart_Torso.Parent = pose_saita_ma_Keyframe_HumanoidRootPart
    pose_saita_ma_Keyframe_HumanoidRootPart_Torso_Head.Parent = pose_saita_ma_Keyframe_HumanoidRootPart_Torso
    pose_saita_ma_Keyframe_HumanoidRootPart_Torso_Left_Leg.Parent = pose_saita_ma_Keyframe_HumanoidRootPart_Torso
    pose_saita_ma_Keyframe_HumanoidRootPart_Torso_Right_Arm.Parent = pose_saita_ma_Keyframe_HumanoidRootPart_Torso
    pose_saita_ma_Keyframe_HumanoidRootPart_Torso_Right_Leg.Parent = pose_saita_ma_Keyframe_HumanoidRootPart_Torso
    pose_saita_ma_Keyframe_HumanoidRootPart_Torso_Left_Arm.Parent = pose_saita_ma_Keyframe_HumanoidRootPart_Torso
    keyframe.Parent = KeyframeSequence
end
do
    local keyframe = Instance.new("Keyframe")
    keyframe.Time = 0.5888888835906982
    local pose_saita_ma_Keyframe_HumanoidRootPart = Instance.new("Pose")
    pose_saita_ma_Keyframe_HumanoidRootPart.Name = "HumanoidRootPart"
    pose_saita_ma_Keyframe_HumanoidRootPart.CFrame = CFrame.new(0, 0, 0, 1, 0, 0, 0, 1, 0, 0, 0, 1)
    pose_saita_ma_Keyframe_HumanoidRootPart.Weight = 0
    local pose_saita_ma_Keyframe_HumanoidRootPart_Torso = Instance.new("Pose")
    pose_saita_ma_Keyframe_HumanoidRootPart_Torso.Name = "Torso"
    pose_saita_ma_Keyframe_HumanoidRootPart_Torso.CFrame = CFrame.new(-0.031398873776197433, -0.1287209540605545, -0.2958706021308899, 0.9776209592819214, -0.20847350358963013, 0.0282138604670763, 0.2017536163330078, 0.9670892953872681, 0.1550280749797821, -0.059604570269584656, -0.14586645364761353, 0.9875071048736572)
    pose_saita_ma_Keyframe_HumanoidRootPart_Torso.Weight = 1
    local pose_saita_ma_Keyframe_HumanoidRootPart_Torso_Head = Instance.new("Pose")
    pose_saita_ma_Keyframe_HumanoidRootPart_Torso_Head.Name = "Head"
    pose_saita_ma_Keyframe_HumanoidRootPart_Torso_Head.CFrame = CFrame.new(-2.384185791015625e-07, -2.9802322387695312e-08, -4.470348358154297e-07, 0.9383325576782227, -0.24552308022975922, 0.24341420829296112, 0.07199092209339142, 0.8273710608482361, 0.557022750377655, -0.3381558358669281, -0.5051489472389221, 0.7940245866775513)
    pose_saita_ma_Keyframe_HumanoidRootPart_Torso_Head.Weight = 1
    local pose_saita_ma_Keyframe_HumanoidRootPart_Torso_Left_Leg = Instance.new("Pose")
    pose_saita_ma_Keyframe_HumanoidRootPart_Torso_Left_Leg.Name = "Left Leg"
    pose_saita_ma_Keyframe_HumanoidRootPart_Torso_Left_Leg.CFrame = CFrame.new(-0.23804199695587158, 0.32015788555145264, 0.2824549973011017, 0.8772785663604736, -0.33761078119277954, 0.3411763906478882, 0.2972056269645691, 0.9402379989624023, 0.16619661450386047, -0.37689679861068726, -0.04440120607614517, 0.9251904487609863)
    pose_saita_ma_Keyframe_HumanoidRootPart_Torso_Left_Leg.Weight = 1
    local pose_saita_ma_Keyframe_HumanoidRootPart_Torso_Right_Arm = Instance.new("Pose")
    pose_saita_ma_Keyframe_HumanoidRootPart_Torso_Right_Arm.Name = "Right Arm"
    pose_saita_ma_Keyframe_HumanoidRootPart_Torso_Right_Arm.CFrame = CFrame.new(-3.8743019104003906e-07, -0.0000013709068298339844, 5.662441253662109e-07, 0.9320421814918518, 0.206933856010437, -0.2974488139152527, -0.19412818551063538, 0.97830730676651, 0.07231245934963226, 0.3059602379798889, -0.009655062109231949, 0.9519953727722168)
    pose_saita_ma_Keyframe_HumanoidRootPart_Torso_Right_Arm.Weight = 1
    local pose_saita_ma_Keyframe_HumanoidRootPart_Torso_Right_Leg = Instance.new("Pose")
    pose_saita_ma_Keyframe_HumanoidRootPart_Torso_Right_Leg.Name = "Right Leg"
    pose_saita_ma_Keyframe_HumanoidRootPart_Torso_Right_Leg.CFrame = CFrame.new(0.1375475525856018, 0.2898668646812439, -0.03332418203353882, 0.9418489933013916, 0.2629941701889038, -0.20917591452598572, -0.26134568452835083, 0.9645739197731018, 0.03599438816308975, 0.21123194694519043, 0.020765934139490128, 0.9772153496742249)
    pose_saita_ma_Keyframe_HumanoidRootPart_Torso_Right_Leg.Weight = 1
    local pose_saita_ma_Keyframe_HumanoidRootPart_Torso_Left_Arm = Instance.new("Pose")
    pose_saita_ma_Keyframe_HumanoidRootPart_Torso_Left_Arm.Name = "Left Arm"
    pose_saita_ma_Keyframe_HumanoidRootPart_Torso_Left_Arm.CFrame = CFrame.new(1.2014061212539673e-07, -2.980232238769531e-07, -7.748603820800781e-07, 0.9755120873451233, -0.16221658885478973, -0.14853256940841675, 0.1736987978219986, 0.982460618019104, 0.06782256811857224, 0.1349254548549652, -0.09196165949106216, 0.9865790009498596)
    pose_saita_ma_Keyframe_HumanoidRootPart_Torso_Left_Arm.Weight = 1
