local KeyframeSequence = Instance.new("KeyframeSequence")
do
    local keyframe = Instance.new("Keyframe")
    keyframe.Time = 0
    local pose_ui_dodge_5_Keyframe_HumanoidRootPart = Instance.new("Pose")
    pose_ui_dodge_5_Keyframe_HumanoidRootPart.Name = "HumanoidRootPart"
    pose_ui_dodge_5_Keyframe_HumanoidRootPart.CFrame = CFrame.new(0, 0, 0, 1, 0, 0, 0, 1, 0, 0, 0, 1)
    pose_ui_dodge_5_Keyframe_HumanoidRootPart.Weight = 0
    local pose_ui_dodge_5_Keyframe_HumanoidRootPart_Torso = Instance.new("Pose")
    pose_ui_dodge_5_Keyframe_HumanoidRootPart_Torso.Name = "Torso"
    pose_ui_dodge_5_Keyframe_HumanoidRootPart_Torso.CFrame = CFrame.new(0, -0.3674149513244629, -0.291664719581604, 1, 0, 0, 0, 0.9941635727882385, 0.10788317024707794, 0, -0.10788317024707794, 0.9941635727882385)
    pose_ui_dodge_5_Keyframe_HumanoidRootPart_Torso.Weight = 1
    local pose_ui_dodge_5_Keyframe_HumanoidRootPart_Torso_Head = Instance.new("Pose")
    pose_ui_dodge_5_Keyframe_HumanoidRootPart_Torso_Head.Name = "Head"
    pose_ui_dodge_5_Keyframe_HumanoidRootPart_Torso_Head.CFrame = CFrame.new(0, -1.4901161193847656e-08, 0, 1, 0, 0, 0, 0.8784873485565186, -0.47776561975479126, 0, 0.47776561975479126, 0.8784873485565186)
    pose_ui_dodge_5_Keyframe_HumanoidRootPart_Torso_Head.Weight = 1
    local pose_ui_dodge_5_Keyframe_HumanoidRootPart_Torso_Left_Leg = Instance.new("Pose")
    pose_ui_dodge_5_Keyframe_HumanoidRootPart_Torso_Left_Leg.Name = "Left Leg"
    pose_ui_dodge_5_Keyframe_HumanoidRootPart_Torso_Left_Leg.CFrame = CFrame.new(-0.199873149394989, 0.11868339776992798, 0.13157355785369873, 0.867716372013092, -0.48177292943000793, 0.12232424318790436, 0.3935983180999756, 0.8162659406661987, 0.4228360056877136, -0.3035600483417511, -0.3187551200389862, 0.8979122638702393)
    pose_ui_dodge_5_Keyframe_HumanoidRootPart_Torso_Left_Leg.Weight = 1
    local pose_ui_dodge_5_Keyframe_HumanoidRootPart_Torso_Right_Arm = Instance.new("Pose")
    pose_ui_dodge_5_Keyframe_HumanoidRootPart_Torso_Right_Arm.Name = "Right Arm"
    pose_ui_dodge_5_Keyframe_HumanoidRootPart_Torso_Right_Arm.CFrame = CFrame.new(0, 0, -5.960464477539063e-08, 0.905409574508667, -0.21980583667755127, 0.36320626735687256, 0.28709566593170166, 0.9472557306289673, -0.1424172818660736, -0.31274503469467163, 0.2332209348678589, 0.9207597374916077)
    pose_ui_dodge_5_Keyframe_HumanoidRootPart_Torso_Right_Arm.Weight = 1
    local pose_ui_dodge_5_Keyframe_HumanoidRootPart_Torso_Right_Leg = Instance.new("Pose")
    pose_ui_dodge_5_Keyframe_HumanoidRootPart_Torso_Right_Leg.Name = "Right Leg"
    pose_ui_dodge_5_Keyframe_HumanoidRootPart_Torso_Right_Leg.CFrame = CFrame.new(0.3912138342857361, 0.08371776342391968, 0.10424105823040009, 0.9618005156517029, 0.26769503951072693, -0.05726178362965584, -0.2474043220281601, 0.9395414590835571, 0.23675483465194702, 0.11717792600393295, -0.21354416012763977, 0.9698804616928101)
    pose_ui_dodge_5_Keyframe_HumanoidRootPart_Torso_Right_Leg.Weight = 1
    local pose_ui_dodge_5_Keyframe_HumanoidRootPart_Torso_Left_Arm = Instance.new("Pose")
    pose_ui_dodge_5_Keyframe_HumanoidRootPart_Torso_Left_Arm.Name = "Left Arm"
    pose_ui_dodge_5_Keyframe_HumanoidRootPart_Torso_Left_Arm.CFrame = CFrame.new(-0.045866966247558594, -0.060142964124679565, 0.012447923421859741, 0.6928254961967468, 0.40195751190185547, -0.5986843705177307, -0.4048656225204468, 0.9038537740707397, 0.13831931352615356, 0.5967215895652771, 0.1465555727481842, 0.7889516949653625)
    pose_ui_dodge_5_Keyframe_HumanoidRootPart_Torso_Left_Arm.Weight = 1
    pose_ui_dodge_5_Keyframe_HumanoidRootPart.Parent = keyframe
    pose_ui_dodge_5_Keyframe_HumanoidRootPart_Torso.Parent = pose_ui_dodge_5_Keyframe_HumanoidRootPart
    pose_ui_dodge_5_Keyframe_HumanoidRootPart_Torso_Head.Parent = pose_ui_dodge_5_Keyframe_HumanoidRootPart_Torso
    pose_ui_dodge_5_Keyframe_HumanoidRootPart_Torso_Left_Leg.Parent = pose_ui_dodge_5_Keyframe_HumanoidRootPart_Torso
    pose_ui_dodge_5_Keyframe_HumanoidRootPart_Torso_Right_Arm.Parent = pose_ui_dodge_5_Keyframe_HumanoidRootPart_Torso
    pose_ui_dodge_5_Keyframe_HumanoidRootPart_Torso_Right_Leg.Parent = pose_ui_dodge_5_Keyframe_HumanoidRootPart_Torso
    pose_ui_dodge_5_Keyframe_HumanoidRootPart_Torso_Left_Arm.Parent = pose_ui_dodge_5_Keyframe_HumanoidRootPart_Torso
    keyframe.Parent = KeyframeSequence
end
do
    local keyframe = Instance.new("Keyframe")
    keyframe.Time = 0.03333333507180214
    local pose_ui_dodge_5_Keyframe_HumanoidRootPart = Instance.new("Pose")
    pose_ui_dodge_5_Keyframe_HumanoidRootPart.Name = "HumanoidRootPart"
    pose_ui_dodge_5_Keyframe_HumanoidRootPart.CFrame = CFrame.new(0, 0, 0, 1, 0, 0, 0, 1, 0, 0, 0, 1)
    pose_ui_dodge_5_Keyframe_HumanoidRootPart.Weight = 0
    local pose_ui_dodge_5_Keyframe_HumanoidRootPart_Torso = Instance.new("Pose")
    pose_ui_dodge_5_Keyframe_HumanoidRootPart_Torso.Name = "Torso"
    pose_ui_dodge_5_Keyframe_HumanoidRootPart_Torso.CFrame = CFrame.new(0, -0.4944060444831848, -0.9070739150047302, 1, 0, 0, 0, 0.45405280590057373, -0.890974760055542, 0, 0.890974760055542, 0.45405280590057373)
    pose_ui_dodge_5_Keyframe_HumanoidRootPart_Torso.Weight = 1
    local pose_ui_dodge_5_Keyframe_HumanoidRootPart_Torso_Head = Instance.new("Pose")
    pose_ui_dodge_5_Keyframe_HumanoidRootPart_Torso_Head.Name = "Head"
    pose_ui_dodge_5_Keyframe_HumanoidRootPart_Torso_Head.CFrame = CFrame.new(0, 5.960464477539063e-08, -8.940696716308594e-08, 1, 0, 0, 0, 0.814283013343811, -0.580467939376831, 0, 0.580467939376831, 0.814283013343811)
    pose_ui_dodge_5_Keyframe_HumanoidRootPart_Torso_Head.Weight = 1
    local pose_ui_dodge_5_Keyframe_HumanoidRootPart_Torso_Left_Leg = Instance.new("Pose")
    pose_ui_dodge_5_Keyframe_HumanoidRootPart_Torso_Left_Leg.Name = "Left Leg"
    pose_ui_dodge_5_Keyframe_HumanoidRootPart_Torso_Left_Leg.CFrame = CFrame.new(-0.39849042892456055, 1.0279406309127808, 0.15886995196342468, 0.6646646857261658, 0.5453925728797913, 0.5106543302536011, -0.620147705078125, 0.7839090824127197, -0.030055388808250427, -0.41669854521751404, -0.29670435190200806, 0.8592605590820312)
    pose_ui_dodge_5_Keyframe_HumanoidRootPart_Torso_Left_Leg.Weight = 1
    local pose_ui_dodge_5_Keyframe_HumanoidRootPart_Torso_Right_Arm = Instance.new("Pose")
    pose_ui_dodge_5_Keyframe_HumanoidRootPart_Torso_Right_Arm.Name = "Right Arm"
    pose_ui_dodge_5_Keyframe_HumanoidRootPart_Torso_Right_Arm.CFrame = CFrame.new(-0.09232515096664429, 0.3133159279823303, -0.05643758177757263, 0.5487622618675232, 0.2956855893135071, -0.7819397449493408, 0.3021119236946106, 0.8019991517066956, 0.5152918696403503, 0.7794795036315918, -0.519006073474884, 0.350776731967926)
    pose_ui_dodge_5_Keyframe_HumanoidRootPart_Torso_Right_Arm.Weight = 1
    local pose_ui_dodge_5_Keyframe_HumanoidRootPart_Torso_Right_Leg = Instance.new("Pose")
    pose_ui_dodge_5_Keyframe_HumanoidRootPart_Torso_Right_Leg.Name = "Right Leg"
    pose_ui_dodge_5_Keyframe_HumanoidRootPart_Torso_Right_Leg.CFrame = CFrame.new(0.53398597240448, 1.2129120826721191, 0.1371694952249527, 0.605144202709198, -0.7448400259017944, -0.2810935974121094, 0.7809557914733887, 0.6239634156227112, 0.027883637696504593, 0.15462331473827362, -0.23639528453350067, 0.9592753052711487)
    pose_ui_dodge_5_Keyframe_HumanoidRootPart_Torso_Right_Leg.Weight = 1
    local pose_ui_dodge_5_Keyframe_HumanoidRootPart_Torso_Left_Arm = Instance.new("Pose")
    pose_ui_dodge_5_Keyframe_HumanoidRootPart_Torso_Left_Arm.Name = "Left Arm"
    pose_ui_dodge_5_Keyframe_HumanoidRootPart_Torso_Left_Arm.CFrame = CFrame.new(0.31978094577789307, 0.026486530900001526, -0.012320935726165771, 0.64045649766922, -0.168162539601326, 0.7493575215339661, -0.33047497272491455, 0.820431113243103, 0.46656060218811035, -0.6932544112205505, -0.5464557409286499, 0.4698771834373474)
    pose_ui_dodge_5_Keyframe_HumanoidRootPart_Torso_Left_Arm.Weight = 1
    pose_ui_dodge_5_Keyframe_HumanoidRootPart.Parent = keyframe
    pose_ui_dodge_5_Keyframe_HumanoidRootPart_Torso.Parent = pose_ui_dodge_5_Keyframe_HumanoidRootPart
    pose_ui_dodge_5_Keyframe_HumanoidRootPart_Torso_Head.Parent = pose_ui_dodge_5_Keyframe_HumanoidRootPart_Torso
    pose_ui_dodge_5_Keyframe_HumanoidRootPart_Torso_Left_Leg.Parent = pose_ui_dodge_5_Keyframe_HumanoidRootPart_Torso
    pose_ui_dodge_5_Keyframe_HumanoidRootPart_Torso_Right_Arm.Parent = pose_ui_dodge_5_Keyframe_HumanoidRootPart_Torso
    pose_ui_dodge_5_Keyframe_HumanoidRootPart_Torso_Right_Leg.Parent = pose_ui_dodge_5_Keyframe_HumanoidRootPart_Torso
    pose_ui_dodge_5_Keyframe_HumanoidRootPart_Torso_Left_Arm.Parent = pose_ui_dodge_5_Keyframe_HumanoidRootPart_Torso
    keyframe.Parent = KeyframeSequence
end
do
    local keyframe = Instance.new("Keyframe")
    keyframe.Time = 0.06666667014360428
    local pose_ui_dodge_5_Keyframe_HumanoidRootPart = Instance.new("Pose")
    pose_ui_dodge_5_Keyframe_HumanoidRootPart.Name = "HumanoidRootPart"
    pose_ui_dodge_5_Keyframe_HumanoidRootPart.CFrame = CFrame.new(0, 0, 0, 1, 0, 0, 0, 1, 0, 0, 0, 1)
    pose_ui_dodge_5_Keyframe_HumanoidRootPart.Weight = 0
    local pose_ui_dodge_5_Keyframe_HumanoidRootPart_Torso = Instance.new("Pose")
    pose_ui_dodge_5_Keyframe_HumanoidRootPart_Torso.Name = "Torso"
    pose_ui_dodge_5_Keyframe_HumanoidRootPart_Torso.CFrame = CFrame.new(-7.450580596923828e-09, -0.4944058656692505, -1.1412969827651978, 0.9986924529075623, 0.051080964505672455, -0.0020258536096662283, -0.01654062047600746, 0.2853837013244629, -0.9582705497741699, -0.04837124049663544, 0.9570510387420654, 0.2858554720878601)
    pose_ui_dodge_5_Keyframe_HumanoidRootPart_Torso.Weight = 1
    local pose_ui_dodge_5_Keyframe_HumanoidRootPart_Torso_Head = Instance.new("Pose")
    pose_ui_dodge_5_Keyframe_HumanoidRootPart_Torso_Head.Name = "Head"
    pose_ui_dodge_5_Keyframe_HumanoidRootPart_Torso_Head.CFrame = CFrame.new(0, 1.1920928955078125e-07, -5.960464477539063e-08, 1, 0, 0, 0, 0.7465705871582031, -0.6653061509132385, 0, 0.6653061509132385, 0.7465705871582031)
    pose_ui_dodge_5_Keyframe_HumanoidRootPart_Torso_Head.Weight = 1
    local pose_ui_dodge_5_Keyframe_HumanoidRootPart_Torso_Left_Leg = Instance.new("Pose")
    pose_ui_dodge_5_Keyframe_HumanoidRootPart_Torso_Left_Leg.Name = "Left Leg"
    pose_ui_dodge_5_Keyframe_HumanoidRootPart_Torso_Left_Leg.CFrame = CFrame.new(-0.4759482145309448, 1.5350518226623535, 0.2941223978996277, 0.7718566060066223, 0.4240800142288208, 0.47370171546936035, -0.505891740322113, 0.8609323501586914, 0.05356070026755333, -0.3851111829280853, -0.2809830904006958, 0.879054844379425)
    pose_ui_dodge_5_Keyframe_HumanoidRootPart_Torso_Left_Leg.Weight = 1
    local pose_ui_dodge_5_Keyframe_HumanoidRootPart_Torso_Right_Arm = Instance.new("Pose")
    pose_ui_dodge_5_Keyframe_HumanoidRootPart_Torso_Right_Arm.Name = "Right Arm"
    pose_ui_dodge_5_Keyframe_HumanoidRootPart_Torso_Right_Arm.CFrame = CFrame.new(-0.24427580833435059, 0.01771964132785797, -0.09643614292144775, 0.406048059463501, 0.5171892642974854, -0.7534188628196716, 0.18259304761886597, 0.7619032859802246, 0.6214202642440796, 0.8954243063926697, -0.389895498752594, 0.21493418514728546)
    pose_ui_dodge_5_Keyframe_HumanoidRootPart_Torso_Right_Arm.Weight = 1
    local pose_ui_dodge_5_Keyframe_HumanoidRootPart_Torso_Right_Leg = Instance.new("Pose")
    pose_ui_dodge_5_Keyframe_HumanoidRootPart_Torso_Right_Leg.Name = "Right Leg"
    pose_ui_dodge_5_Keyframe_HumanoidRootPart_Torso_Right_Leg.CFrame = CFrame.new(0.43693774938583374, 1.6331079006195068, 0.16129782795906067, 0.5998628735542297, -0.7732672691345215, -0.20547977089881897, 0.7915047407150269, 0.6110619902610779, 0.011096136644482613, 0.11698061972856522, -0.1692943125963211, 0.9785985350608826)
    pose_ui_dodge_5_Keyframe_HumanoidRootPart_Torso_Right_Leg.Weight = 1
    local pose_ui_dodge_5_Keyframe_HumanoidRootPart_Torso_Left_Arm = Instance.new("Pose")
    pose_ui_dodge_5_Keyframe_HumanoidRootPart_Torso_Left_Arm.Name = "Left Arm"
    pose_ui_dodge_5_Keyframe_HumanoidRootPart_Torso_Left_Arm.CFrame = CFrame.new(0.39408522844314575, 0.011240765452384949, -0.11568233370780945, 0.3702327013015747, -0.45530927181243896, 0.8097043037414551, -0.2864018678665161, 0.7732347846031189, 0.5657576322555542, -0.8836864829063416, -0.4413628578186035, 0.15587559342384338)
    pose_ui_dodge_5_Keyframe_HumanoidRootPart_Torso_Left_Arm.Weight = 1
    pose_ui_dodge_5_Keyframe_HumanoidRootPart.Parent = keyframe
    pose_ui_dodge_5_Keyframe_HumanoidRootPart_Torso.Parent = pose_ui_dodge_5_Keyframe_HumanoidRootPart
    pose_ui_dodge_5_Keyframe_HumanoidRootPart_Torso_Head.Parent = pose_ui_dodge_5_Keyframe_HumanoidRootPart_Torso
    pose_ui_dodge_5_Keyframe_HumanoidRootPart_Torso_Left_Leg.Parent = pose_ui_dodge_5_Keyframe_HumanoidRootPart_Torso
    pose_ui_dodge_5_Keyframe_HumanoidRootPart_Torso_Right_Arm.Parent = pose_ui_dodge_5_Keyframe_HumanoidRootPart_Torso
    pose_ui_dodge_5_Keyframe_HumanoidRootPart_Torso_Right_Leg.Parent = pose_ui_dodge_5_Keyframe_HumanoidRootPart_Torso
    pose_ui_dodge_5_Keyframe_HumanoidRootPart_Torso_Left_Arm.Parent = pose_ui_dodge_5_Keyframe_HumanoidRootPart_Torso
    keyframe.Parent = KeyframeSequence
end
do
    local keyframe = Instance.new("Keyframe")
    keyframe.Time = 0.13333334028720856
    local pose_ui_dodge_5_Keyframe_HumanoidRootPart = Instance.new("Pose")
    pose_ui_dodge_5_Keyframe_HumanoidRootPart.Name = "HumanoidRootPart"
    pose_ui_dodge_5_Keyframe_HumanoidRootPart.CFrame = CFrame.new(0, 0, 0, 1, 0, 0, 0, 1, 0, 0, 0, 1)
    pose_ui_dodge_5_Keyframe_HumanoidRootPart.Weight = 0
    local pose_ui_dodge_5_Keyframe_HumanoidRootPart_Torso = Instance.new("Pose")
    pose_ui_dodge_5_Keyframe_HumanoidRootPart_Torso.Name = "Torso"
    pose_ui_dodge_5_Keyframe_HumanoidRootPart_Torso.CFrame = CFrame.new(0.02338617853820324, -0.4458324909210205, -1.1412978172302246, 0.9999061822891235, 0.0136674540117383, -0.0009350725449621677, -0.004239215515553951, 0.24378830194473267, -0.9698193073272705, -0.013026999309659004, 0.9697322845458984, 0.2438233494758606)
    pose_ui_dodge_5_Keyframe_HumanoidRootPart_Torso.Weight = 1
    local pose_ui_dodge_5_Keyframe_HumanoidRootPart_Torso_Head = Instance.new("Pose")
    pose_ui_dodge_5_Keyframe_HumanoidRootPart_Torso_Head.Name = "Head"
    pose_ui_dodge_5_Keyframe_HumanoidRootPart_Torso_Head.CFrame = CFrame.new(0, 2.9802322387695312e-08, -2.9802322387695312e-08, 1, 0, 0, 0, 0.6669964790344238, -0.7450608611106873, 0, 0.7450608611106873, 0.6669964790344238)
    pose_ui_dodge_5_Keyframe_HumanoidRootPart_Torso_Head.Weight = 1
    local pose_ui_dodge_5_Keyframe_HumanoidRootPart_Torso_Left_Leg = Instance.new("Pose")
    pose_ui_dodge_5_Keyframe_HumanoidRootPart_Torso_Left_Leg.Name = "Left Leg"
    pose_ui_dodge_5_Keyframe_HumanoidRootPart_Torso_Left_Leg.CFrame = CFrame.new(-0.41716182231903076, 1.4785432815551758, 0.26430127024650574, 0.6984122395515442, 0.5623242259025574, 0.44273218512535095, -0.6234061121940613, 0.7818392515182495, -0.009605631232261658, -0.35154685378074646, -0.26929324865341187, 0.8966024518013)
    pose_ui_dodge_5_Keyframe_HumanoidRootPart_Torso_Left_Leg.Weight = 1
    local pose_ui_dodge_5_Keyframe_HumanoidRootPart_Torso_Right_Arm = Instance.new("Pose")
    pose_ui_dodge_5_Keyframe_HumanoidRootPart_Torso_Right_Arm.Name = "Right Arm"
    pose_ui_dodge_5_Keyframe_HumanoidRootPart_Torso_Right_Arm.CFrame = CFrame.new(-0.33846771717071533, -0.05919286608695984, -0.11448869109153748, 0.3019964098930359, 0.607042133808136, -0.7350496649742126, 0.17283952236175537, 0.7234065532684326, 0.6684380769729614, 0.9375098347663879, -0.32891154289245605, 0.11354529857635498)
    pose_ui_dodge_5_Keyframe_HumanoidRootPart_Torso_Right_Arm.Weight = 1
    local pose_ui_dodge_5_Keyframe_HumanoidRootPart_Torso_Right_Leg = Instance.new("Pose")
    pose_ui_dodge_5_Keyframe_HumanoidRootPart_Torso_Right_Leg.Name = "Right Leg"
    pose_ui_dodge_5_Keyframe_HumanoidRootPart_Torso_Right_Leg.CFrame = CFrame.new(0.4277791380882263, 1.757185697555542, 0.2242027074098587, 0.6082392930984497, -0.7618751525878906, -0.222691148519516, 0.7860898971557617, 0.6170667409896851, 0.0359371155500412, 0.11003574728965759, -0.19691358506679535, 0.9742264747619629)
    pose_ui_dodge_5_Keyframe_HumanoidRootPart_Torso_Right_Leg.Weight = 1
    local pose_ui_dodge_5_Keyframe_HumanoidRootPart_Torso_Left_Arm = Instance.new("Pose")
    pose_ui_dodge_5_Keyframe_HumanoidRootPart_Torso_Left_Arm.Name = "Left Arm"
    pose_ui_dodge_5_Keyframe_HumanoidRootPart_Torso_Left_Arm.CFrame = CFrame.new(0.3872905969619751, -0.02989349514245987, -0.18489407002925873, 0.3244703412055969, -0.5580158233642578, 0.7637653350830078, -0.23688527941703796, 0.7337838411331177, 0.6367470026016235, -0.9157534837722778, -0.38753023743629456, 0.10590535402297974)
    pose_ui_dodge_5_Keyframe_HumanoidRootPart_Torso_Left_Arm.Weight = 1
    pose_ui_dodge_5_Keyframe_HumanoidRootPart.Parent = keyframe
    pose_ui_dodge_5_Keyframe_HumanoidRootPart_Torso.Parent = pose_ui_dodge_5_Keyframe_HumanoidRootPart
    pose_ui_dodge_5_Keyframe_HumanoidRootPart_Torso_Head.Parent = pose_ui_dodge_5_Keyframe_HumanoidRootPart_Torso
    pose_ui_dodge_5_Keyframe_HumanoidRootPart_Torso_Left_Leg.Parent = pose_ui_dodge_5_Keyframe_HumanoidRootPart_Torso
    pose_ui_dodge_5_Keyframe_HumanoidRootPart_Torso_Right_Arm.Parent = pose_ui_dodge_5_Keyframe_HumanoidRootPart_Torso
    pose_ui_dodge_5_Keyframe_HumanoidRootPart_Torso_Right_Leg.Parent = pose_ui_dodge_5_Keyframe_HumanoidRootPart_Torso
    pose_ui_dodge_5_Keyframe_HumanoidRootPart_Torso_Left_Arm.Parent = pose_ui_dodge_5_Keyframe_HumanoidRootPart_Torso
    keyframe.Parent = KeyframeSequence
end
do
    local keyframe = Instance.new("Keyframe")
    keyframe.Time = 0.1666666716337204
    local pose_ui_dodge_5_Keyframe_HumanoidRootPart = Instance.new("Pose")
    pose_ui_dodge_5_Keyframe_HumanoidRootPart.Name = "HumanoidRootPart"
    pose_ui_dodge_5_Keyframe_HumanoidRootPart.CFrame = CFrame.new(0, 0, 0, 1, 0, 0, 0, 1, 0, 0, 0, 1)
    pose_ui_dodge_5_Keyframe_HumanoidRootPart.Weight = 0
    local pose_ui_dodge_5_Keyframe_HumanoidRootPart_Torso = Instance.new("Pose")
    pose_ui_dodge_5_Keyframe_HumanoidRootPart_Torso.Name = "Torso"
    pose_ui_dodge_5_Keyframe_HumanoidRootPart_Torso.CFrame = CFrame.new(0.029232686385512352, -0.42936083674430847, -1.1270314455032349, 0.999947190284729, 0.010264461860060692, -0.0005203327164053917, -0.0029011962469667196, 0.23333674669265747, -0.972391664981842, -0.009859665296971798, 0.9723418354988098, 0.23335415124893188)
    pose_ui_dodge_5_Keyframe_HumanoidRootPart_Torso.Weight = 1
    local pose_ui_dodge_5_Keyframe_HumanoidRootPart_Torso_Head = Instance.new("Pose")
    pose_ui_dodge_5_Keyframe_HumanoidRootPart_Torso_Head.Name = "Head"
    pose_ui_dodge_5_Keyframe_HumanoidRootPart_Torso_Head.CFrame = CFrame.new(0, 2.9802322387695312e-08, -2.9802322387695312e-08, 1, 0, 0, 0, 0.6516584753990173, -0.758512556552887, 0, 0.758512556552887, 0.6516584753990173)
    pose_ui_dodge_5_Keyframe_HumanoidRootPart_Torso_Head.Weight = 1
    local pose_ui_dodge_5_Keyframe_HumanoidRootPart_Torso_Left_Leg = Instance.new("Pose")
    pose_ui_dodge_5_Keyframe_HumanoidRootPart_Torso_Left_Leg.Name = "Left Leg"
    pose_ui_dodge_5_Keyframe_HumanoidRootPart_Torso_Left_Leg.CFrame = CFrame.new(-0.39933186769485474, 1.4533116817474365, 0.25387024879455566, 0.6696039438247681, 0.5992830395698547, 0.4387373924255371, -0.657754123210907, 0.7528358697891235, -0.02444983273744583, -0.3449496030807495, -0.2722095847129822, 0.8982826471328735)
    pose_ui_dodge_5_Keyframe_HumanoidRootPart_Torso_Left_Leg.Weight = 1
    local pose_ui_dodge_5_Keyframe_HumanoidRootPart_Torso_Right_Arm = Instance.new("Pose")
    pose_ui_dodge_5_Keyframe_HumanoidRootPart_Torso_Right_Arm.Name = "Right Arm"
    pose_ui_dodge_5_Keyframe_HumanoidRootPart_Torso_Right_Arm.CFrame = CFrame.new(-0.35086750984191895, -0.08668510615825653, -0.12074632942676544, 0.2852085828781128, 0.5998324751853943, -0.7475675344467163, 0.20289035141468048, 0.7245043516159058, 0.6587328910827637, 0.936745285987854, -0.33955055475234985, 0.08493465185165405)
    pose_ui_dodge_5_Keyframe_HumanoidRootPart_Torso_Right_Arm.Weight = 1
    local pose_ui_dodge_5_Keyframe_HumanoidRootPart_Torso_Right_Leg = Instance.new("Pose")
    pose_ui_dodge_5_Keyframe_HumanoidRootPart_Torso_Right_Leg.Name = "Right Leg"
    pose_ui_dodge_5_Keyframe_HumanoidRootPart_Torso_Right_Leg.CFrame = CFrame.new(0.43695592880249023, 1.773550033569336, 0.23510830104351044, 0.6044217348098755, -0.765358030796051, -0.22113719582557678, 0.7899768948554993, 0.6116864681243896, 0.04214620590209961, 0.10300970077514648, -0.20016732811927795, 0.9743316173553467)
    pose_ui_dodge_5_Keyframe_HumanoidRootPart_Torso_Right_Leg.Weight = 1
    local pose_ui_dodge_5_Keyframe_HumanoidRootPart_Torso_Left_Arm = Instance.new("Pose")
    pose_ui_dodge_5_Keyframe_HumanoidRootPart_Torso_Left_Arm.Name = "Left Arm"
    pose_ui_dodge_5_Keyframe_HumanoidRootPart_Torso_Left_Arm.CFrame = CFrame.new(0.37964069843292236, -0.04264704883098602, -0.19961731135845184, 0.30631154775619507, -0.5630768537521362, 0.7675400972366333, -0.22030913829803467, 0.7424745559692383, 0.6326099634170532, -0.9260870218276978, -0.36287185549736023, 0.1033775806427002)
    pose_ui_dodge_5_Keyframe_HumanoidRootPart_Torso_Left_Arm.Weight = 1
    pose_ui_dodge_5_Keyframe_HumanoidRootPart.Parent = keyframe
    pose_ui_dodge_5_Keyframe_HumanoidRootPart_Torso.Parent = pose_ui_dodge_5_Keyframe_HumanoidRootPart
    pose_ui_dodge_5_Keyframe_HumanoidRootPart_Torso_Head.Parent = pose_ui_dodge_5_Keyframe_HumanoidRootPart_Torso
    pose_ui_dodge_5_Keyframe_HumanoidRootPart_Torso_Left_Leg.Parent = pose_ui_dodge_5_Keyframe_HumanoidRootPart_Torso
    pose_ui_dodge_5_Keyframe_HumanoidRootPart_Torso_Right_Arm.Parent = pose_ui_dodge_5_Keyframe_HumanoidRootPart_Torso
    pose_ui_dodge_5_Keyframe_HumanoidRootPart_Torso_Right_Leg.Parent = pose_ui_dodge_5_Keyframe_HumanoidRootPart_Torso
    pose_ui_dodge_5_Keyframe_HumanoidRootPart_Torso_Left_Arm.Parent = pose_ui_dodge_5_Keyframe_HumanoidRootPart_Torso
    keyframe.Parent = KeyframeSequence
end
do
    local keyframe = Instance.new("Keyframe")
    keyframe.Time = 0.25
    local pose_ui_dodge_5_Keyframe_HumanoidRootPart = Instance.new("Pose")
    pose_ui_dodge_5_Keyframe_HumanoidRootPart.Name = "HumanoidRootPart"
    pose_ui_dodge_5_Keyframe_HumanoidRootPart.CFrame = CFrame.new(0, 0, 0, 1, 0, 0, 0, 1, 0, 0, 0, 1)
    pose_ui_dodge_5_Keyframe_HumanoidRootPart.Weight = 0
    local pose_ui_dodge_5_Keyframe_HumanoidRootPart_Torso = Instance.new("Pose")
    pose_ui_dodge_5_Keyframe_HumanoidRootPart_Torso.Name = "Torso"
    pose_ui_dodge_5_Keyframe_HumanoidRootPart_Torso.CFrame = CFrame.new(0.02923252061009407, -0.40771955251693726, -1.0557007789611816, 0.9992000460624695, 0.039976995438337326, -0.0010742321610450745, -0.010393650270998478, 0.23365670442581177, -0.9722638130187988, -0.038617171347141266, 0.9714971780776978, 0.2338852882385254)
    pose_ui_dodge_5_Keyframe_HumanoidRootPart_Torso.Weight = 1
    local pose_ui_dodge_5_Keyframe_HumanoidRootPart_Torso_Head = Instance.new("Pose")
    pose_ui_dodge_5_Keyframe_HumanoidRootPart_Torso_Head.Name = "Head"
    pose_ui_dodge_5_Keyframe_HumanoidRootPart_Torso_Head.CFrame = CFrame.new(0, 0, 0, 1, 0, 0, 0, 0.6806641221046448, -0.732595682144165, 0, 0.732595682144165, 0.6806641221046448)
    pose_ui_dodge_5_Keyframe_HumanoidRootPart_Torso_Head.Weight = 1
    local pose_ui_dodge_5_Keyframe_HumanoidRootPart_Torso_Left_Leg = Instance.new("Pose")
    pose_ui_dodge_5_Keyframe_HumanoidRootPart_Torso_Left_Leg.Name = "Left Leg"
    pose_ui_dodge_5_Keyframe_HumanoidRootPart_Torso_Left_Leg.CFrame = CFrame.new(-0.383664071559906, 1.3977895975112915, 0.238991379737854, 0.6312664747238159, 0.6205161213874817, 0.4652552306652069, -0.6914708018302917, 0.7219815254211426, -0.024715185165405273, -0.3512418568134308, -0.3061085045337677, 0.8848314881324768)
    pose_ui_dodge_5_Keyframe_HumanoidRootPart_Torso_Left_Leg.Weight = 1
    local pose_ui_dodge_5_Keyframe_HumanoidRootPart_Torso_Right_Arm = Instance.new("Pose")
    pose_ui_dodge_5_Keyframe_HumanoidRootPart_Torso_Right_Arm.Name = "Right Arm"
    pose_ui_dodge_5_Keyframe_HumanoidRootPart_Torso_Right_Arm.CFrame = CFrame.new(-0.29861152172088623, -0.11213497817516327, -0.11937631666660309, 0.3309943675994873, 0.4523889124393463, -0.828122615814209, 0.31445643305778503, 0.774549126625061, 0.5488085150718689, 0.8896965980529785, -0.44206100702285767, 0.11411482095718384)
    pose_ui_dodge_5_Keyframe_HumanoidRootPart_Torso_Right_Arm.Weight = 1
    local pose_ui_dodge_5_Keyframe_HumanoidRootPart_Torso_Right_Leg = Instance.new("Pose")
    pose_ui_dodge_5_Keyframe_HumanoidRootPart_Torso_Right_Leg.Name = "Right Leg"
    pose_ui_dodge_5_Keyframe_HumanoidRootPart_Torso_Right_Leg.CFrame = CFrame.new(0.4942888617515564, 1.70027494430542, 0.21100521087646484, 0.5736681818962097, -0.7962527871131897, -0.19205860793590546, 0.8154825568199158, 0.5771963596343994, 0.04281096160411835, 0.07676719129085541, -0.1811797022819519, 0.9804492592811584)
    pose_ui_dodge_5_Keyframe_HumanoidRootPart_Torso_Right_Leg.Weight = 1
    pose_ui_dodge_5_Keyframe_HumanoidRootPart.Parent = keyframe
    pose_ui_dodge_5_Keyframe_HumanoidRootPart_Torso.Parent = pose_ui_dodge_5_Keyframe_HumanoidRootPart
    pose_ui_dodge_5_Keyframe_HumanoidRootPart_Torso_Head.Parent = pose_ui_dodge_5_Keyframe_HumanoidRootPart_Torso
    pose_ui_dodge_5_Keyframe_HumanoidRootPart_Torso_Left_Leg.Parent = pose_ui_dodge_5_Keyframe_HumanoidRootPart_Torso
    pose_ui_dodge_5_Keyframe_HumanoidRootPart_Torso_Right_Arm.Parent = pose_ui_dodge_5_Keyframe_HumanoidRootPart_Torso
    pose_ui_dodge_5_Keyframe_HumanoidRootPart_Torso_Right_Leg.Parent = pose_ui_dodge_5_Keyframe_HumanoidRootPart_Torso
    keyframe.Parent = KeyframeSequence
end
do
    local keyframe = Instance.new("Keyframe")
    keyframe.Time = 0.28333333134651184
    local pose_ui_dodge_5_Keyframe_HumanoidRootPart = Instance.new("Pose")
    pose_ui_dodge_5_Keyframe_HumanoidRootPart.Name = "HumanoidRootPart"
    pose_ui_dodge_5_Keyframe_HumanoidRootPart.CFrame = CFrame.new(0, 0, 0, 1, 0, 0, 0, 1, 0, 0, 0, 1)
    pose_ui_dodge_5_Keyframe_HumanoidRootPart.Weight = 0
    local pose_ui_dodge_5_Keyframe_HumanoidRootPart_Torso = Instance.new("Pose")
    pose_ui_dodge_5_Keyframe_HumanoidRootPart_Torso.Name = "Torso"
    pose_ui_dodge_5_Keyframe_HumanoidRootPart_Torso.CFrame = CFrame.new(0.0292326882481575, -0.3974418044090271, -1.0437299013137817, 0.9989367127418518, 0.04610060527920723, -0.00045008957386016846, -0.01190795749425888, 0.24857288599014282, -0.9685401320457458, -0.04453839734196663, 0.9675156474113464, 0.2488574981689453)
    pose_ui_dodge_5_Keyframe_HumanoidRootPart_Torso.Weight = 1
    local pose_ui_dodge_5_Keyframe_HumanoidRootPart_Torso_Head = Instance.new("Pose")
    pose_ui_dodge_5_Keyframe_HumanoidRootPart_Torso_Head.Name = "Head"
    pose_ui_dodge_5_Keyframe_HumanoidRootPart_Torso_Head.CFrame = CFrame.new(0, 2.9802322387695312e-08, -2.9802322387695312e-08, 1, 0, 0, 0, 0.6984607577323914, -0.715648353099823, 0, 0.715648353099823, 0.6984607577323914)
    pose_ui_dodge_5_Keyframe_HumanoidRootPart_Torso_Head.Weight = 1
    local pose_ui_dodge_5_Keyframe_HumanoidRootPart_Torso_Left_Leg = Instance.new("Pose")
    pose_ui_dodge_5_Keyframe_HumanoidRootPart_Torso_Left_Leg.Name = "Left Leg"
    pose_ui_dodge_5_Keyframe_HumanoidRootPart_Torso_Left_Leg.CFrame = CFrame.new(-0.36982911825180054, 1.3747186660766602, 0.22921937704086304, 0.6211223006248474, 0.6223219037055969, 0.4763639271259308, -0.6952429413795471, 0.7180805206298828, -0.03158584237098694, -0.36172422766685486, -0.3115699589252472, 0.8786807060241699)
    pose_ui_dodge_5_Keyframe_HumanoidRootPart_Torso_Left_Leg.Weight = 1
    local pose_ui_dodge_5_Keyframe_HumanoidRootPart_Torso_Right_Leg = Instance.new("Pose")
    pose_ui_dodge_5_Keyframe_HumanoidRootPart_Torso_Right_Leg.Name = "Right Leg"
    pose_ui_dodge_5_Keyframe_HumanoidRootPart_Torso_Right_Leg.CFrame = CFrame.new(0.4905310869216919, 1.662829875946045, 0.20429685711860657, 0.5628547668457031, -0.8044905662536621, -0.18970900774002075, 0.8229608535766602, 0.5668294429779053, 0.037944696843624115, 0.0770065113902092, -0.17748042941093445, 0.9811068773269653)
    pose_ui_dodge_5_Keyframe_HumanoidRootPart_Torso_Right_Leg.Weight = 1
    pose_ui_dodge_5_Keyframe_HumanoidRootPart.Parent = keyframe
    pose_ui_dodge_5_Keyframe_HumanoidRootPart_Torso.Parent = pose_ui_dodge_5_Keyframe_HumanoidRootPart
    pose_ui_dodge_5_Keyframe_HumanoidRootPart_Torso_Head.Parent = pose_ui_dodge_5_Keyframe_HumanoidRootPart_Torso
    pose_ui_dodge_5_Keyframe_HumanoidRootPart_Torso_Left_Leg.Parent = pose_ui_dodge_5_Keyframe_HumanoidRootPart_Torso
    pose_ui_dodge_5_Keyframe_HumanoidRootPart_Torso_Right_Leg.Parent = pose_ui_dodge_5_Keyframe_HumanoidRootPart_Torso
    keyframe.Parent = KeyframeSequence
end
do
    local keyframe = Instance.new("Keyframe")
    keyframe.Time = 0.3333333432674408
    local pose_ui_dodge_5_Keyframe_HumanoidRootPart = Instance.new("Pose")
    pose_ui_dodge_5_Keyframe_HumanoidRootPart.Name = "HumanoidRootPart"
    pose_ui_dodge_5_Keyframe_HumanoidRootPart.CFrame = CFrame.new(0, 0, 0, 1, 0, 0, 0, 1, 0, 0, 0, 1)
    pose_ui_dodge_5_Keyframe_HumanoidRootPart.Weight = 0
    local pose_ui_dodge_5_Keyframe_HumanoidRootPart_Torso = Instance.new("Pose")
    pose_ui_dodge_5_Keyframe_HumanoidRootPart_Torso.Name = "Torso"
    pose_ui_dodge_5_Keyframe_HumanoidRootPart_Torso.CFrame = CFrame.new(0.029233280569314957, -0.37959328293800354, -1.0506162643432617, 0.9989126920700073, 0.046587444841861725, 0.0017647325294092298, -0.011968828737735748, 0.2928481996059418, -0.9560840725898743, -0.04505830258131027, 0.9550232887268066, 0.293087363243103)
    pose_ui_dodge_5_Keyframe_HumanoidRootPart_Torso.Weight = 1
    local pose_ui_dodge_5_Keyframe_HumanoidRootPart_Torso_Head = Instance.new("Pose")
    pose_ui_dodge_5_Keyframe_HumanoidRootPart_Torso_Head.Name = "Head"
    pose_ui_dodge_5_Keyframe_HumanoidRootPart_Torso_Head.CFrame = CFrame.new(0, 0, 0, 1, 0, 0, 0, 0.7336233258247375, -0.6795563697814941, 0, 0.6795563697814941, 0.7336233258247375)
    pose_ui_dodge_5_Keyframe_HumanoidRootPart_Torso_Head.Weight = 1
    local pose_ui_dodge_5_Keyframe_HumanoidRootPart_Torso_Left_Leg = Instance.new("Pose")
    pose_ui_dodge_5_Keyframe_HumanoidRootPart_Torso_Left_Leg.Name = "Left Leg"
    pose_ui_dodge_5_Keyframe_HumanoidRootPart_Torso_Left_Leg.CFrame = CFrame.new(-0.33772432804107666, 1.3388190269470215, 0.20883068442344666, 0.6138654351234436, 0.6158900856971741, 0.4938095211982727, -0.6864312887191772, 0.7253764271736145, -0.0513874888420105, -0.3898470401763916, -0.3074214458465576, 0.8680500984191895)
    pose_ui_dodge_5_Keyframe_HumanoidRootPart_Torso_Left_Leg.Weight = 1
    local pose_ui_dodge_5_Keyframe_HumanoidRootPart_Torso_Right_Arm = Instance.new("Pose")
    pose_ui_dodge_5_Keyframe_HumanoidRootPart_Torso_Right_Arm.Name = "Right Arm"
    pose_ui_dodge_5_Keyframe_HumanoidRootPart_Torso_Right_Arm.CFrame = CFrame.new(-0.2602958679199219, -0.07410252094268799, -0.07763418555259705, 0.42015713453292847, 0.3107375502586365, -0.852590024471283, 0.24997833371162415, 0.8635581135749817, 0.4379246234893799, 0.8723407983779907, -0.39712613821029663, 0.2851524353027344)
    pose_ui_dodge_5_Keyframe_HumanoidRootPart_Torso_Right_Arm.Weight = 1
    local pose_ui_dodge_5_Keyframe_HumanoidRootPart_Torso_Right_Leg = Instance.new("Pose")
    pose_ui_dodge_5_Keyframe_HumanoidRootPart_Torso_Right_Leg.Name = "Right Leg"
    pose_ui_dodge_5_Keyframe_HumanoidRootPart_Torso_Right_Leg.CFrame = CFrame.new(0.4448585510253906, 1.5944602489471436, 0.19863353669643402, 0.5493517518043518, -0.8113053441047668, -0.19998867809772491, 0.830379843711853, 0.556746780872345, 0.022395219653844833, 0.09317377954721451, -0.17836947739124298, 0.9795422554016113)
    pose_ui_dodge_5_Keyframe_HumanoidRootPart_Torso_Right_Leg.Weight = 1
    local pose_ui_dodge_5_Keyframe_HumanoidRootPart_Torso_Left_Arm = Instance.new("Pose")
    pose_ui_dodge_5_Keyframe_HumanoidRootPart_Torso_Left_Arm.Name = "Left Arm"
    pose_ui_dodge_5_Keyframe_HumanoidRootPart_Torso_Left_Arm.CFrame = CFrame.new(0.2982402443885803, 0.0042473673820495605, -0.15406839549541473, 0.44028449058532715, -0.31234705448150635, 0.8417770266532898, -0.08310329169034958, 0.919337809085846, 0.3845929801464081, -0.8940041065216064, -0.23928478360176086, 0.3788132965564728)
    pose_ui_dodge_5_Keyframe_HumanoidRootPart_Torso_Left_Arm.Weight = 1
    pose_ui_dodge_5_Keyframe_HumanoidRootPart.Parent = keyframe
    pose_ui_dodge_5_Keyframe_HumanoidRootPart_Torso.Parent = pose_ui_dodge_5_Keyframe_HumanoidRootPart
    pose_ui_dodge_5_Keyframe_HumanoidRootPart_Torso_Head.Parent = pose_ui_dodge_5_Keyframe_HumanoidRootPart_Torso
    pose_ui_dodge_5_Keyframe_HumanoidRootPart_Torso_Left_Leg.Parent = pose_ui_dodge_5_Keyframe_HumanoidRootPart_Torso
    pose_ui_dodge_5_Keyframe_HumanoidRootPart_Torso_Right_Arm.Parent = pose_ui_dodge_5_Keyframe_HumanoidRootPart_Torso
    pose_ui_dodge_5_Keyframe_HumanoidRootPart_Torso_Right_Leg.Parent = pose_ui_dodge_5_Keyframe_HumanoidRootPart_Torso
    pose_ui_dodge_5_Keyframe_HumanoidRootPart_Torso_Left_Arm.Parent = pose_ui_dodge_5_Keyframe_HumanoidRootPart_Torso
    keyframe.Parent = KeyframeSequence
end
do
    local keyframe = Instance.new("Keyframe")
    keyframe.Time = 0.21666666865348816
    local pose_ui_dodge_5_Keyframe_HumanoidRootPart = Instance.new("Pose")
    pose_ui_dodge_5_Keyframe_HumanoidRootPart.Name = "HumanoidRootPart"
    pose_ui_dodge_5_Keyframe_HumanoidRootPart.CFrame = CFrame.new(0, 0, 0, 1, 0, 0, 0, 1, 0, 0, 0, 1)
    pose_ui_dodge_5_Keyframe_HumanoidRootPart.Weight = 0
    local pose_ui_dodge_5_Keyframe_HumanoidRootPart_Torso = Instance.new("Pose")
    pose_ui_dodge_5_Keyframe_HumanoidRootPart_Torso.Name = "Torso"
    pose_ui_dodge_5_Keyframe_HumanoidRootPart_Torso.CFrame = CFrame.new(0, 0, 0, 1, 0, 0, 0, 1, 0, 0, 0, 1)
    pose_ui_dodge_5_Keyframe_HumanoidRootPart_Torso.Weight = 0
    local pose_ui_dodge_5_Keyframe_HumanoidRootPart_Torso_Right_Arm = Instance.new("Pose")
    pose_ui_dodge_5_Keyframe_HumanoidRootPart_Torso_Right_Arm.Name = "Right Arm"
    pose_ui_dodge_5_Keyframe_HumanoidRootPart_Torso_Right_Arm.CFrame = CFrame.new(-0.31742292642593384, -0.11147725582122803, -0.12598013877868652, 0.3084220290184021, 0.5110929608345032, -0.8022842407226562, 0.29730015993118286, 0.7493600845336914, 0.591668963432312, 0.9035975933074951, -0.4210030138492584, 0.07917112112045288)
    pose_ui_dodge_5_Keyframe_HumanoidRootPart_Torso_Right_Arm.Weight = 1
    pose_ui_dodge_5_Keyframe_HumanoidRootPart.Parent = keyframe
    pose_ui_dodge_5_Keyframe_HumanoidRootPart_Torso.Parent = pose_ui_dodge_5_Keyframe_HumanoidRootPart
    pose_ui_dodge_5_Keyframe_HumanoidRootPart_Torso_Right_Arm.Parent = pose_ui_dodge_5_Keyframe_HumanoidRootPart_Torso
    keyframe.Parent = KeyframeSequence
end
do
    local keyframe = Instance.new("Keyframe")
    keyframe.Time = 0.2666666805744171
    local pose_ui_dodge_5_Keyframe_HumanoidRootPart = Instance.new("Pose")
    pose_ui_dodge_5_Keyframe_HumanoidRootPart.Name = "HumanoidRootPart"
    pose_ui_dodge_5_Keyframe_HumanoidRootPart.CFrame = CFrame.new(0, 0, 0, 1, 0, 0, 0, 1, 0, 0, 0, 1)
    pose_ui_dodge_5_Keyframe_HumanoidRootPart.Weight = 0
    local pose_ui_dodge_5_Keyframe_HumanoidRootPart_Torso = Instance.new("Pose")
    pose_ui_dodge_5_Keyframe_HumanoidRootPart_Torso.Name = "Torso"
    pose_ui_dodge_5_Keyframe_HumanoidRootPart_Torso.CFrame = CFrame.new(0, 0, 0, 1, 0, 0, 0, 1, 0, 0, 0, 1)
    pose_ui_dodge_5_Keyframe_HumanoidRootPart_Torso.Weight = 0
    local pose_ui_dodge_5_Keyframe_HumanoidRootPart_Torso_Left_Arm = Instance.new("Pose")
    pose_ui_dodge_5_Keyframe_HumanoidRootPart_Torso_Left_Arm.Name = "Left Arm"
    pose_ui_dodge_5_Keyframe_HumanoidRootPart_Torso_Left_Arm.CFrame = CFrame.new(0.34393471479415894, -0.05746684968471527, -0.18413898348808289, 0.2753896117210388, -0.4368532598018646, 0.8563410043716431, -0.18772712349891663, 0.8491979241371155, 0.4935802221298218, -0.9428250789642334, -0.29668527841567993, 0.15185105800628662)
    pose_ui_dodge_5_Keyframe_HumanoidRootPart_Torso_Left_Arm.Weight = 1
    pose_ui_dodge_5_Keyframe_HumanoidRootPart.Parent = keyframe
    pose_ui_dodge_5_Keyframe_HumanoidRootPart_Torso.Parent = pose_ui_dodge_5_Keyframe_HumanoidRootPart
    pose_ui_dodge_5_Keyframe_HumanoidRootPart_Torso_Left_Arm.Parent = pose_ui_dodge_5_Keyframe_HumanoidRootPart_Torso
    keyframe.Parent = KeyframeSequence
end
do
    local keyframe = Instance.new("Keyframe")
    keyframe.Time = 0.30000001192092896
    local pose_ui_dodge_5_Keyframe_HumanoidRootPart = Instance.new("Pose")
    pose_ui_dodge_5_Keyframe_HumanoidRootPart.Name = "HumanoidRootPart"
    pose_ui_dodge_5_Keyframe_HumanoidRootPart.CFrame = CFrame.new(0, 0, 0, 1, 0, 0, 0, 1, 0, 0, 0, 1)
    pose_ui_dodge_5_Keyframe_HumanoidRootPart.Weight = 0
    local pose_ui_dodge_5_Keyframe_HumanoidRootPart_Torso = Instance.new("Pose")
    pose_ui_dodge_5_Keyframe_HumanoidRootPart_Torso.Name = "Torso"
    pose_ui_dodge_5_Keyframe_HumanoidRootPart_Torso.CFrame = CFrame.new(0, 0, 0, 1, 0, 0, 0, 1, 0, 0, 0, 1)
    pose_ui_dodge_5_Keyframe_HumanoidRootPart_Torso.Weight = 0
    local pose_ui_dodge_5_Keyframe_HumanoidRootPart_Torso_Left_Arm = Instance.new("Pose")
    pose_ui_dodge_5_Keyframe_HumanoidRootPart_Torso_Left_Arm.Name = "Left Arm"
    pose_ui_dodge_5_Keyframe_HumanoidRootPart_Torso_Left_Arm.CFrame = CFrame.new(0.32473576068878174, -0.03854210674762726, -0.17239561676979065, 0.32767271995544434, -0.37971609830856323, 0.8651278018951416, -0.14705651998519897, 0.8840234279632568, 0.443708211183548, -0.9332764148712158, -0.2726137936115265, 0.23383063077926636)
    pose_ui_dodge_5_Keyframe_HumanoidRootPart_Torso_Left_Arm.Weight = 1
    pose_ui_dodge_5_Keyframe_HumanoidRootPart.Parent = keyframe
    pose_ui_dodge_5_Keyframe_HumanoidRootPart_Torso.Parent = pose_ui_dodge_5_Keyframe_HumanoidRootPart
    pose_ui_dodge_5_Keyframe_HumanoidRootPart_Torso_Left_Arm.Parent = pose_ui_dodge_5_Keyframe_HumanoidRootPart_Torso
    keyframe.Parent = KeyframeSequence
end

return KeyframeSequence
