local KeyframeSequence = Instance.new("KeyframeSequence")
do
    local keyframe = Instance.new("Keyframe")
    keyframe.Time = 0
    local pose_ui_dodge_1_Keyframe_HumanoidRootPart = Instance.new("Pose")
    pose_ui_dodge_1_Keyframe_HumanoidRootPart.Name = "HumanoidRootPart"
    pose_ui_dodge_1_Keyframe_HumanoidRootPart.CFrame = CFrame.new(0, 0, 0, 1, 0, 0, 0, 1, 0, 0, 0, 1)
    pose_ui_dodge_1_Keyframe_HumanoidRootPart.Weight = 0
    local pose_ui_dodge_1_Keyframe_HumanoidRootPart_Torso = Instance.new("Pose")
    pose_ui_dodge_1_Keyframe_HumanoidRootPart_Torso.Name = "Torso"
    pose_ui_dodge_1_Keyframe_HumanoidRootPart_Torso.CFrame = CFrame.new(0.010720007121562958, -0.09831376373767853, -0.3596467971801758, 0.9958094954490662, -0.0906277745962143, 0.012248190119862556, 0.09111405909061432, 0.9716967344284058, -0.2179531753063202, 0.007851083762943745, 0.21815581619739532, 0.975882351398468)
    pose_ui_dodge_1_Keyframe_HumanoidRootPart_Torso.Weight = 1
    local pose_ui_dodge_1_Keyframe_HumanoidRootPart_Torso_Head = Instance.new("Pose")
    pose_ui_dodge_1_Keyframe_HumanoidRootPart_Torso_Head.Name = "Head"
    pose_ui_dodge_1_Keyframe_HumanoidRootPart_Torso_Head.CFrame = CFrame.new(0, 5.960464477539063e-08, -1.4901161193847656e-07, 1, 0, 0, 0, 0.8548319935798645, -0.5189047455787659, 0, 0.5189047455787659, 0.8548319935798645)
    pose_ui_dodge_1_Keyframe_HumanoidRootPart_Torso_Head.Weight = 1
    local pose_ui_dodge_1_Keyframe_HumanoidRootPart_Torso_Left_Leg = Instance.new("Pose")
    pose_ui_dodge_1_Keyframe_HumanoidRootPart_Torso_Left_Leg.Name = "Left Leg"
    pose_ui_dodge_1_Keyframe_HumanoidRootPart_Torso_Left_Leg.CFrame = CFrame.new(-0.636362612247467, 0.5046869516372681, 0.07580810785293579, 0.9565092921257019, -0.26664069294929504, 0.11829068511724472, 0.26852601766586304, 0.9632724523544312, 0, -0.11394615471363068, 0.03176412731409073, 0.9929789900779724)
    pose_ui_dodge_1_Keyframe_HumanoidRootPart_Torso_Left_Leg.Weight = 1
    local pose_ui_dodge_1_Keyframe_HumanoidRootPart_Torso_Right_Arm = Instance.new("Pose")
    pose_ui_dodge_1_Keyframe_HumanoidRootPart_Torso_Right_Arm.Name = "Right Arm"
    pose_ui_dodge_1_Keyframe_HumanoidRootPart_Torso_Right_Arm.CFrame = CFrame.new(0.10414254665374756, -0.029105693101882935, -0.11833283305168152, 0.7376869916915894, -0.3243967294692993, 0.5921019315719604, 0.1644371598958969, 0.9369215369224548, 0.3084453046321869, -0.6548117399215698, -0.13017255067825317, 0.7444977164268494)
    pose_ui_dodge_1_Keyframe_HumanoidRootPart_Torso_Right_Arm.Weight = 1
    local pose_ui_dodge_1_Keyframe_HumanoidRootPart_Torso_Right_Leg = Instance.new("Pose")
    pose_ui_dodge_1_Keyframe_HumanoidRootPart_Torso_Right_Leg.Name = "Right Leg"
    pose_ui_dodge_1_Keyframe_HumanoidRootPart_Torso_Right_Leg.CFrame = CFrame.new(0.24826553463935852, 0.27705132961273193, 0.018362343311309814, 0.9845588803291321, -0.16011875867843628, -0.07075242698192596, 0.1602736860513687, 0.9870665073394775, -0.003519006073474884, 0.07040079683065414, -0.007875083014369011, 0.9974877834320068)
    pose_ui_dodge_1_Keyframe_HumanoidRootPart_Torso_Right_Leg.Weight = 1
    local pose_ui_dodge_1_Keyframe_HumanoidRootPart_Torso_Left_Arm = Instance.new("Pose")
    pose_ui_dodge_1_Keyframe_HumanoidRootPart_Torso_Left_Arm.Name = "Left Arm"
    pose_ui_dodge_1_Keyframe_HumanoidRootPart_Torso_Left_Arm.CFrame = CFrame.new(2.9802322387695312e-08, 0, -5.960464477539063e-08, 0.9526224732398987, -0.2528945803642273, 0.16898155212402344, 0.25561338663101196, 0.9667614698410034, 0.0058330632746219635, -0.1648399978876114, 0.03763723745942116, 0.9856019020080566)
    pose_ui_dodge_1_Keyframe_HumanoidRootPart_Torso_Left_Arm.Weight = 1
    pose_ui_dodge_1_Keyframe_HumanoidRootPart.Parent = keyframe
    pose_ui_dodge_1_Keyframe_HumanoidRootPart_Torso.Parent = pose_ui_dodge_1_Keyframe_HumanoidRootPart
    pose_ui_dodge_1_Keyframe_HumanoidRootPart_Torso_Head.Parent = pose_ui_dodge_1_Keyframe_HumanoidRootPart_Torso
    pose_ui_dodge_1_Keyframe_HumanoidRootPart_Torso_Left_Leg.Parent = pose_ui_dodge_1_Keyframe_HumanoidRootPart_Torso
    pose_ui_dodge_1_Keyframe_HumanoidRootPart_Torso_Right_Arm.Parent = pose_ui_dodge_1_Keyframe_HumanoidRootPart_Torso
    pose_ui_dodge_1_Keyframe_HumanoidRootPart_Torso_Right_Leg.Parent = pose_ui_dodge_1_Keyframe_HumanoidRootPart_Torso
    pose_ui_dodge_1_Keyframe_HumanoidRootPart_Torso_Left_Arm.Parent = pose_ui_dodge_1_Keyframe_HumanoidRootPart_Torso
    keyframe.Parent = KeyframeSequence
end
do
    local keyframe = Instance.new("Keyframe")
    keyframe.Time = 0.03333333507180214
    local pose_ui_dodge_1_Keyframe_HumanoidRootPart = Instance.new("Pose")
    pose_ui_dodge_1_Keyframe_HumanoidRootPart.Name = "HumanoidRootPart"
    pose_ui_dodge_1_Keyframe_HumanoidRootPart.CFrame = CFrame.new(0, 0, 0, 1, 0, 0, 0, 1, 0, 0, 0, 1)
    pose_ui_dodge_1_Keyframe_HumanoidRootPart.Weight = 0
    local pose_ui_dodge_1_Keyframe_HumanoidRootPart_Torso = Instance.new("Pose")
    pose_ui_dodge_1_Keyframe_HumanoidRootPart_Torso.Name = "Torso"
    pose_ui_dodge_1_Keyframe_HumanoidRootPart_Torso.CFrame = CFrame.new(0.2748870253562927, 5.364418029785156e-07, -1.4926773309707642, 0.791286826133728, -0.5522080063819885, 0.2625477910041809, 0.3349313735961914, 0.0322120375931263, -0.9416916370391846, 0.5115525722503662, 0.8330838084220886, 0.2104407250881195)
    pose_ui_dodge_1_Keyframe_HumanoidRootPart_Torso.Weight = 1
    local pose_ui_dodge_1_Keyframe_HumanoidRootPart_Torso_Head = Instance.new("Pose")
    pose_ui_dodge_1_Keyframe_HumanoidRootPart_Torso_Head.Name = "Head"
    pose_ui_dodge_1_Keyframe_HumanoidRootPart_Torso_Head.CFrame = CFrame.new(-4.470348358154297e-08, 0, -2.086162567138672e-07, 0.906118631362915, 0.2982204258441925, 0.3000226616859436, -0.4114774465560913, 0.7859270572662354, 0.46152472496032715, -0.09815983474254608, -0.5416486859321594, 0.834854006767273)
    pose_ui_dodge_1_Keyframe_HumanoidRootPart_Torso_Head.Weight = 1
    local pose_ui_dodge_1_Keyframe_HumanoidRootPart_Torso_Left_Leg = Instance.new("Pose")
    pose_ui_dodge_1_Keyframe_HumanoidRootPart_Torso_Left_Leg.Name = "Left Leg"
    pose_ui_dodge_1_Keyframe_HumanoidRootPart_Torso_Left_Leg.CFrame = CFrame.new(-0.47487401962280273, 1.1795711517333984, 0.3840588629245758, 0.2605525851249695, 0.9473977088928223, -0.18587662279605865, -0.961846649646759, 0.23808050155639648, -0.13479213416576385, -0.08344815671443939, 0.2139052450656891, 0.9732835292816162)
    pose_ui_dodge_1_Keyframe_HumanoidRootPart_Torso_Left_Leg.Weight = 1
    local pose_ui_dodge_1_Keyframe_HumanoidRootPart_Torso_Right_Arm = Instance.new("Pose")
    pose_ui_dodge_1_Keyframe_HumanoidRootPart_Torso_Right_Arm.Name = "Right Arm"
    pose_ui_dodge_1_Keyframe_HumanoidRootPart_Torso_Right_Arm.CFrame = CFrame.new(0.6699455380439758, 0.2819647192955017, -0.08996084332466125, -0.31217390298843384, -0.8107860088348389, -0.49514997005462646, 0.2708938717842102, -0.5755273103713989, 0.7716118693351746, -0.9105844497680664, 0.10674402862787247, 0.39930152893066406)
    pose_ui_dodge_1_Keyframe_HumanoidRootPart_Torso_Right_Arm.Weight = 1
    local pose_ui_dodge_1_Keyframe_HumanoidRootPart_Torso_Right_Leg = Instance.new("Pose")
    pose_ui_dodge_1_Keyframe_HumanoidRootPart_Torso_Right_Leg.Name = "Right Leg"
    pose_ui_dodge_1_Keyframe_HumanoidRootPart_Torso_Right_Leg.CFrame = CFrame.new(0.07436638325452805, 0.4725832939147949, 0.2560114562511444, 0.9472598433494568, 0.07492292672395706, -0.3115856349468231, 0.11484218388795853, 0.8283478021621704, 0.5483168363571167, 0.2991827726364136, -0.555181622505188, 0.7760562896728516)
    pose_ui_dodge_1_Keyframe_HumanoidRootPart_Torso_Right_Leg.Weight = 1
    local pose_ui_dodge_1_Keyframe_HumanoidRootPart_Torso_Left_Arm = Instance.new("Pose")
    pose_ui_dodge_1_Keyframe_HumanoidRootPart_Torso_Left_Arm.Name = "Left Arm"
    pose_ui_dodge_1_Keyframe_HumanoidRootPart_Torso_Left_Arm.CFrame = CFrame.new(0.8936328887939453, -0.024018973112106323, -0.3722512722015381, 0.6671940684318542, 0.24680952727794647, 0.7028065919876099, -0.6984963417053223, 0.5350561738014221, 0.475202739238739, -0.25875648856163025, -0.8079602718353271, 0.5293818712234497)
    pose_ui_dodge_1_Keyframe_HumanoidRootPart_Torso_Left_Arm.Weight = 1
    pose_ui_dodge_1_Keyframe_HumanoidRootPart.Parent = keyframe
    pose_ui_dodge_1_Keyframe_HumanoidRootPart_Torso.Parent = pose_ui_dodge_1_Keyframe_HumanoidRootPart
    pose_ui_dodge_1_Keyframe_HumanoidRootPart_Torso_Head.Parent = pose_ui_dodge_1_Keyframe_HumanoidRootPart_Torso
    pose_ui_dodge_1_Keyframe_HumanoidRootPart_Torso_Left_Leg.Parent = pose_ui_dodge_1_Keyframe_HumanoidRootPart_Torso
    pose_ui_dodge_1_Keyframe_HumanoidRootPart_Torso_Right_Arm.Parent = pose_ui_dodge_1_Keyframe_HumanoidRootPart_Torso
    pose_ui_dodge_1_Keyframe_HumanoidRootPart_Torso_Right_Leg.Parent = pose_ui_dodge_1_Keyframe_HumanoidRootPart_Torso
    pose_ui_dodge_1_Keyframe_HumanoidRootPart_Torso_Left_Arm.Parent = pose_ui_dodge_1_Keyframe_HumanoidRootPart_Torso
    keyframe.Parent = KeyframeSequence
end
do
    local keyframe = Instance.new("Keyframe")
    keyframe.Time = 0.06666667014360428
    local pose_ui_dodge_1_Keyframe_HumanoidRootPart = Instance.new("Pose")
    pose_ui_dodge_1_Keyframe_HumanoidRootPart.Name = "HumanoidRootPart"
    pose_ui_dodge_1_Keyframe_HumanoidRootPart.CFrame = CFrame.new(0, 0, 0, 1, 0, 0, 0, 1, 0, 0, 0, 1)
    pose_ui_dodge_1_Keyframe_HumanoidRootPart.Weight = 0
    local pose_ui_dodge_1_Keyframe_HumanoidRootPart_Torso = Instance.new("Pose")
    pose_ui_dodge_1_Keyframe_HumanoidRootPart_Torso.Name = "Torso"
    pose_ui_dodge_1_Keyframe_HumanoidRootPart_Torso.CFrame = CFrame.new(0.27488720417022705, 7.748603820800781e-07, -1.464195728302002, 0.7045019865036011, -0.6593524217605591, 0.2625477612018585, 0.3361031115055084, -0.015854716300964355, -0.9416918754577637, 0.6250693798065186, 0.7516669034957886, 0.21044069528579712)
    pose_ui_dodge_1_Keyframe_HumanoidRootPart_Torso.Weight = 1
    local pose_ui_dodge_1_Keyframe_HumanoidRootPart_Torso_Head = Instance.new("Pose")
    pose_ui_dodge_1_Keyframe_HumanoidRootPart_Torso_Head.Name = "Head"
    pose_ui_dodge_1_Keyframe_HumanoidRootPart_Torso_Head.CFrame = CFrame.new(-5.21540641784668e-08, -1.4901161193847656e-08, -5.960464477539063e-08, 0.8680012822151184, 0.45744797587394714, 0.19317132234573364, -0.4954807460308075, 0.8235458135604858, 0.2761722505092621, -0.032751016318798065, -0.3354305326938629, 0.9414954781532288)
    pose_ui_dodge_1_Keyframe_HumanoidRootPart_Torso_Head.Weight = 1
    local pose_ui_dodge_1_Keyframe_HumanoidRootPart_Torso_Left_Leg = Instance.new("Pose")
    pose_ui_dodge_1_Keyframe_HumanoidRootPart_Torso_Left_Leg.Name = "Left Leg"
    pose_ui_dodge_1_Keyframe_HumanoidRootPart_Torso_Left_Leg.CFrame = CFrame.new(-0.637932300567627, 1.0652498006820679, 0.2892796993255615, 0.22324615716934204, 0.9224237203598022, -0.3151126503944397, -0.970799446105957, 0.18128037452697754, -0.15711826086044312, -0.08780579268932343, 0.3409871757030487, 0.9359582662582397)
    pose_ui_dodge_1_Keyframe_HumanoidRootPart_Torso_Left_Leg.Weight = 1
    local pose_ui_dodge_1_Keyframe_HumanoidRootPart_Torso_Right_Arm = Instance.new("Pose")
    pose_ui_dodge_1_Keyframe_HumanoidRootPart_Torso_Right_Arm.Name = "Right Arm"
    pose_ui_dodge_1_Keyframe_HumanoidRootPart_Torso_Right_Arm.CFrame = CFrame.new(0.5760871767997742, 0.26108527183532715, -0.005362212657928467, -0.07459616661071777, -0.812050998210907, -0.578799307346344, 0.2098584771156311, -0.5802019834518433, 0.786972165107727, -0.9748819470405579, -0.06276080012321472, 0.21369659900665283)
    pose_ui_dodge_1_Keyframe_HumanoidRootPart_Torso_Right_Arm.Weight = 1
    local pose_ui_dodge_1_Keyframe_HumanoidRootPart_Torso_Right_Leg = Instance.new("Pose")
    pose_ui_dodge_1_Keyframe_HumanoidRootPart_Torso_Right_Leg.Name = "Right Leg"
    pose_ui_dodge_1_Keyframe_HumanoidRootPart_Torso_Right_Leg.CFrame = CFrame.new(-0.03653876483440399, 0.46302562952041626, 0.30189308524131775, 0.8780283331871033, 0.19429604709148407, -0.4373960793018341, 0.0876217931509018, 0.8331884145736694, 0.5460032224655151, 0.47051963210105896, -0.5177316665649414, 0.7145384550094604)
    pose_ui_dodge_1_Keyframe_HumanoidRootPart_Torso_Right_Leg.Weight = 1
    local pose_ui_dodge_1_Keyframe_HumanoidRootPart_Torso_Left_Arm = Instance.new("Pose")
    pose_ui_dodge_1_Keyframe_HumanoidRootPart_Torso_Left_Arm.Name = "Left Arm"
    pose_ui_dodge_1_Keyframe_HumanoidRootPart_Torso_Left_Arm.CFrame = CFrame.new(0.931800901889801, -0.10771368443965912, -0.35850486159324646, 0.5353753566741943, 0.69798344373703, 0.47559696435928345, -0.8439188599586487, 0.4192202091217041, 0.33474692702293396, 0.034267887473106384, -0.580580472946167, 0.8134814500808716)
    pose_ui_dodge_1_Keyframe_HumanoidRootPart_Torso_Left_Arm.Weight = 1
    pose_ui_dodge_1_Keyframe_HumanoidRootPart.Parent = keyframe
    pose_ui_dodge_1_Keyframe_HumanoidRootPart_Torso.Parent = pose_ui_dodge_1_Keyframe_HumanoidRootPart
    pose_ui_dodge_1_Keyframe_HumanoidRootPart_Torso_Head.Parent = pose_ui_dodge_1_Keyframe_HumanoidRootPart_Torso
    pose_ui_dodge_1_Keyframe_HumanoidRootPart_Torso_Left_Leg.Parent = pose_ui_dodge_1_Keyframe_HumanoidRootPart_Torso
    pose_ui_dodge_1_Keyframe_HumanoidRootPart_Torso_Right_Arm.Parent = pose_ui_dodge_1_Keyframe_HumanoidRootPart_Torso
    pose_ui_dodge_1_Keyframe_HumanoidRootPart_Torso_Right_Leg.Parent = pose_ui_dodge_1_Keyframe_HumanoidRootPart_Torso
    pose_ui_dodge_1_Keyframe_HumanoidRootPart_Torso_Left_Arm.Parent = pose_ui_dodge_1_Keyframe_HumanoidRootPart_Torso
    keyframe.Parent = KeyframeSequence
end
do
    local keyframe = Instance.new("Keyframe")
    keyframe.Time = 0.10000000149011612
    local pose_ui_dodge_1_Keyframe_HumanoidRootPart = Instance.new("Pose")
    pose_ui_dodge_1_Keyframe_HumanoidRootPart.Name = "HumanoidRootPart"
    pose_ui_dodge_1_Keyframe_HumanoidRootPart.CFrame = CFrame.new(0, 0, 0, 1, 0, 0, 0, 1, 0, 0, 0, 1)
    pose_ui_dodge_1_Keyframe_HumanoidRootPart.Weight = 0
    local pose_ui_dodge_1_Keyframe_HumanoidRootPart_Torso = Instance.new("Pose")
    pose_ui_dodge_1_Keyframe_HumanoidRootPart_Torso.Name = "Torso"
    pose_ui_dodge_1_Keyframe_HumanoidRootPart_Torso.CFrame = CFrame.new(0.23369020223617554, 6.221234798431396e-07, -1.434993028640747, 0.6695339679718018, -0.6962993144989014, 0.2586340010166168, 0.3301687240600586, -0.0329207181930542, -0.9433477520942688, 0.6653667688369751, 0.7169962525367737, 0.20785462856292725)
    pose_ui_dodge_1_Keyframe_HumanoidRootPart_Torso.Weight = 1
    local pose_ui_dodge_1_Keyframe_HumanoidRootPart_Torso_Head = Instance.new("Pose")
    pose_ui_dodge_1_Keyframe_HumanoidRootPart_Torso_Head.Name = "Head"
    pose_ui_dodge_1_Keyframe_HumanoidRootPart_Torso_Head.CFrame = CFrame.new(-7.450580596923828e-09, -1.4901161193847656e-08, 0, 0.8419033288955688, 0.5236958861351013, 0.13015922904014587, -0.5395609736442566, 0.8207556009292603, 0.18770748376846313, -0.008527271449565887, -0.22826039791107178, 0.9735627770423889)
    pose_ui_dodge_1_Keyframe_HumanoidRootPart_Torso_Head.Weight = 1
    local pose_ui_dodge_1_Keyframe_HumanoidRootPart_Torso_Left_Leg = Instance.new("Pose")
    pose_ui_dodge_1_Keyframe_HumanoidRootPart_Torso_Left_Leg.Name = "Left Leg"
    pose_ui_dodge_1_Keyframe_HumanoidRootPart_Torso_Left_Leg.CFrame = CFrame.new(-0.7109754085540771, 0.995736837387085, 0.2423102855682373, 0.18704336881637573, 0.9183283448219299, -0.3488380014896393, -0.9774256348609924, 0.13845878839492798, -0.1595880389213562, -0.09825453162193298, 0.3708130717277527, 0.9234954118728638)
    pose_ui_dodge_1_Keyframe_HumanoidRootPart_Torso_Left_Leg.Weight = 1
    local pose_ui_dodge_1_Keyframe_HumanoidRootPart_Torso_Right_Arm = Instance.new("Pose")
    pose_ui_dodge_1_Keyframe_HumanoidRootPart_Torso_Right_Arm.Name = "Right Arm"
    pose_ui_dodge_1_Keyframe_HumanoidRootPart_Torso_Right_Arm.CFrame = CFrame.new(0.5418400168418884, 0.2969370484352112, 0.04978543519973755, 0.05296170711517334, -0.8236440420150757, -0.5646288394927979, 0.1253845989704132, -0.5554628372192383, 0.8220340609550476, -0.9906936883926392, -0.11433219909667969, 0.07385390996932983)
    pose_ui_dodge_1_Keyframe_HumanoidRootPart_Torso_Right_Arm.Weight = 1
    local pose_ui_dodge_1_Keyframe_HumanoidRootPart_Torso_Right_Leg = Instance.new("Pose")
    pose_ui_dodge_1_Keyframe_HumanoidRootPart_Torso_Right_Leg.Name = "Right Leg"
    pose_ui_dodge_1_Keyframe_HumanoidRootPart_Torso_Right_Leg.CFrame = CFrame.new(-0.014620453119277954, 0.47998565435409546, 0.3218942880630493, 0.8445300459861755, 0.25012004375457764, -0.4735071659088135, 0.060195475816726685, 0.8342760801315308, 0.5480509996414185, 0.5321142673492432, -0.4913485050201416, 0.6895151138305664)
    pose_ui_dodge_1_Keyframe_HumanoidRootPart_Torso_Right_Leg.Weight = 1
    local pose_ui_dodge_1_Keyframe_HumanoidRootPart_Torso_Left_Arm = Instance.new("Pose")
    pose_ui_dodge_1_Keyframe_HumanoidRootPart_Torso_Left_Arm.Name = "Left Arm"
    pose_ui_dodge_1_Keyframe_HumanoidRootPart_Torso_Left_Arm.CFrame = CFrame.new(0.9562573432922363, -0.15128715336322784, -0.3770577311515808, 0.43778693675994873, 0.8289383053779602, 0.3481435775756836, -0.8916681408882141, 0.35069215297698975, 0.2862569987773895, 0.11519812792539597, -0.4357481300830841, 0.892666220664978)
    pose_ui_dodge_1_Keyframe_HumanoidRootPart_Torso_Left_Arm.Weight = 1
    pose_ui_dodge_1_Keyframe_HumanoidRootPart.Parent = keyframe
    pose_ui_dodge_1_Keyframe_HumanoidRootPart_Torso.Parent = pose_ui_dodge_1_Keyframe_HumanoidRootPart
    pose_ui_dodge_1_Keyframe_HumanoidRootPart_Torso_Head.Parent = pose_ui_dodge_1_Keyframe_HumanoidRootPart_Torso
    pose_ui_dodge_1_Keyframe_HumanoidRootPart_Torso_Left_Leg.Parent = pose_ui_dodge_1_Keyframe_HumanoidRootPart_Torso
    pose_ui_dodge_1_Keyframe_HumanoidRootPart_Torso_Right_Arm.Parent = pose_ui_dodge_1_Keyframe_HumanoidRootPart_Torso
    pose_ui_dodge_1_Keyframe_HumanoidRootPart_Torso_Right_Leg.Parent = pose_ui_dodge_1_Keyframe_HumanoidRootPart_Torso
    pose_ui_dodge_1_Keyframe_HumanoidRootPart_Torso_Left_Arm.Parent = pose_ui_dodge_1_Keyframe_HumanoidRootPart_Torso
    keyframe.Parent = KeyframeSequence
end
do
    local keyframe = Instance.new("Keyframe")
    keyframe.Time = 0.13333334028720856
    local pose_ui_dodge_1_Keyframe_HumanoidRootPart = Instance.new("Pose")
    pose_ui_dodge_1_Keyframe_HumanoidRootPart.Name = "HumanoidRootPart"
    pose_ui_dodge_1_Keyframe_HumanoidRootPart.CFrame = CFrame.new(0, 0, 0, 1, 0, 0, 0, 1, 0, 0, 0, 1)
    pose_ui_dodge_1_Keyframe_HumanoidRootPart.Weight = 0
    local pose_ui_dodge_1_Keyframe_HumanoidRootPart_Torso = Instance.new("Pose")
    pose_ui_dodge_1_Keyframe_HumanoidRootPart_Torso.Name = "Torso"
    pose_ui_dodge_1_Keyframe_HumanoidRootPart_Torso.CFrame = CFrame.new(0.15129578113555908, 7.525086402893066e-07, -1.4050695896148682, 0.6967155933380127, -0.6721364259719849, 0.25063949823379517, 0.3218882381916046, -0.019320368766784668, -0.9465806484222412, 0.6410736441612244, 0.7401753664016724, 0.20289194583892822)
    pose_ui_dodge_1_Keyframe_HumanoidRootPart_Torso.Weight = 1
    local pose_ui_dodge_1_Keyframe_HumanoidRootPart_Torso_Head = Instance.new("Pose")
    pose_ui_dodge_1_Keyframe_HumanoidRootPart_Torso_Head.Name = "Head"
    pose_ui_dodge_1_Keyframe_HumanoidRootPart_Torso_Head.CFrame = CFrame.new(-1.4901161193847656e-08, 7.450580596923828e-09, 5.960464477539063e-08, 0.8419032096862793, 0.5219435691833496, 0.13701792061328888, -0.5395611524581909, 0.8182225227355957, 0.19845807552337646, -0.008527249097824097, -0.24101203680038452, 0.9704846739768982)
    pose_ui_dodge_1_Keyframe_HumanoidRootPart_Torso_Head.Weight = 1
    local pose_ui_dodge_1_Keyframe_HumanoidRootPart_Torso_Left_Leg = Instance.new("Pose")
    pose_ui_dodge_1_Keyframe_HumanoidRootPart_Torso_Left_Leg.Name = "Left Leg"
    pose_ui_dodge_1_Keyframe_HumanoidRootPart_Torso_Left_Leg.CFrame = CFrame.new(-0.6940054893493652, 0.9710335731506348, 0.2431502342224121, 0.1509486436843872, 0.9453588128089905, -0.28898322582244873, -0.9824965596199036, 0.11119216680526733, -0.14945504069328308, -0.10915595293045044, 0.30648505687713623, 0.9455960392951965)
    pose_ui_dodge_1_Keyframe_HumanoidRootPart_Torso_Left_Leg.Weight = 1
    local pose_ui_dodge_1_Keyframe_HumanoidRootPart_Torso_Right_Arm = Instance.new("Pose")
    pose_ui_dodge_1_Keyframe_HumanoidRootPart_Torso_Right_Arm.Name = "Right Arm"
    pose_ui_dodge_1_Keyframe_HumanoidRootPart_Torso_Right_Arm.CFrame = CFrame.new(0.5672030448913574, 0.3895183801651001, 0.07548107206821442, 0.054457128047943115, -0.8726723194122314, -0.485260009765625, 0.016908735036849976, -0.48510539531707764, 0.8742920756340027, -0.9983729124069214, -0.05581653118133545, -0.011661529541015625)
    pose_ui_dodge_1_Keyframe_HumanoidRootPart_Torso_Right_Arm.Weight = 1
    local pose_ui_dodge_1_Keyframe_HumanoidRootPart_Torso_Right_Leg = Instance.new("Pose")
    pose_ui_dodge_1_Keyframe_HumanoidRootPart_Torso_Right_Leg.Name = "Right Leg"
    pose_ui_dodge_1_Keyframe_HumanoidRootPart_Torso_Right_Leg.CFrame = CFrame.new(0.14012131094932556, 0.5234628915786743, 0.3160149157047272, 0.8686702251434326, 0.24852535128593445, -0.42854079604148865, 0.0329001322388649, 0.8342041969299316, 0.5504734516143799, 0.4942971169948578, -0.49227896332740784, 0.7164719104766846)
    pose_ui_dodge_1_Keyframe_HumanoidRootPart_Torso_Right_Leg.Weight = 1
    local pose_ui_dodge_1_Keyframe_HumanoidRootPart_Torso_Left_Arm = Instance.new("Pose")
    pose_ui_dodge_1_Keyframe_HumanoidRootPart_Torso_Left_Arm.Name = "Left Arm"
    pose_ui_dodge_1_Keyframe_HumanoidRootPart_Torso_Left_Arm.CFrame = CFrame.new(0.9670025110244751, -0.15473923087120056, -0.4279100298881531, 0.4867734909057617, 0.7627060413360596, 0.42582976818084717, -0.8722997903823853, 0.3985763192176819, 0.2832489609718323, 0.04631008207798004, -0.5093293190002441, 0.8593247532844543)
    pose_ui_dodge_1_Keyframe_HumanoidRootPart_Torso_Left_Arm.Weight = 1
    pose_ui_dodge_1_Keyframe_HumanoidRootPart.Parent = keyframe
    pose_ui_dodge_1_Keyframe_HumanoidRootPart_Torso.Parent = pose_ui_dodge_1_Keyframe_HumanoidRootPart
    pose_ui_dodge_1_Keyframe_HumanoidRootPart_Torso_Head.Parent = pose_ui_dodge_1_Keyframe_HumanoidRootPart_Torso
    pose_ui_dodge_1_Keyframe_HumanoidRootPart_Torso_Left_Leg.Parent = pose_ui_dodge_1_Keyframe_HumanoidRootPart_Torso
    pose_ui_dodge_1_Keyframe_HumanoidRootPart_Torso_Right_Arm.Parent = pose_ui_dodge_1_Keyframe_HumanoidRootPart_Torso
    pose_ui_dodge_1_Keyframe_HumanoidRootPart_Torso_Right_Leg.Parent = pose_ui_dodge_1_Keyframe_HumanoidRootPart_Torso
    pose_ui_dodge_1_Keyframe_HumanoidRootPart_Torso_Left_Arm.Parent = pose_ui_dodge_1_Keyframe_HumanoidRootPart_Torso
    keyframe.Parent = KeyframeSequence
end
do
    local keyframe = Instance.new("Keyframe")
    keyframe.Time = 0.20000000298023224
    local pose_ui_dodge_1_Keyframe_HumanoidRootPart = Instance.new("Pose")
    pose_ui_dodge_1_Keyframe_HumanoidRootPart.Name = "HumanoidRootPart"
    pose_ui_dodge_1_Keyframe_HumanoidRootPart.CFrame = CFrame.new(0, 0, 0, 1, 0, 0, 0, 1, 0, 0, 0, 1)
    pose_ui_dodge_1_Keyframe_HumanoidRootPart.Weight = 0
    local pose_ui_dodge_1_Keyframe_HumanoidRootPart_Torso = Instance.new("Pose")
    pose_ui_dodge_1_Keyframe_HumanoidRootPart_Torso.Name = "Torso"
    pose_ui_dodge_1_Keyframe_HumanoidRootPart_Torso.CFrame = CFrame.new(0.10647547245025635, 8.475035429000854e-07, -1.3901076316833496, 0.7154607176780701, -0.6560589075088501, 0.24021391570568085, 0.316458135843277, -0.0022171735763549805, -0.9486040472984314, 0.6228725910186768, 0.7547065615653992, 0.20602881908416748)
    pose_ui_dodge_1_Keyframe_HumanoidRootPart_Torso.Weight = 1
    local pose_ui_dodge_1_Keyframe_HumanoidRootPart_Torso_Head = Instance.new("Pose")
    pose_ui_dodge_1_Keyframe_HumanoidRootPart_Torso_Head.Name = "Head"
    pose_ui_dodge_1_Keyframe_HumanoidRootPart_Torso_Head.CFrame = CFrame.new(2.2351741790771484e-08, 7.450580596923828e-09, 1.1920928955078125e-07, 0.8388267159461975, 0.5255339741706848, 0.14206966757774353, -0.5442878603935242, 0.8148561716079712, 0.1993994414806366, -0.010975144803524017, -0.24458837509155273, 0.9695649147033691)
    pose_ui_dodge_1_Keyframe_HumanoidRootPart_Torso_Head.Weight = 1
    local pose_ui_dodge_1_Keyframe_HumanoidRootPart_Torso_Left_Leg = Instance.new("Pose")
    pose_ui_dodge_1_Keyframe_HumanoidRootPart_Torso_Left_Leg.Name = "Left Leg"
    pose_ui_dodge_1_Keyframe_HumanoidRootPart_Torso_Left_Leg.CFrame = CFrame.new(-0.6756026148796082, 0.9538707137107849, 0.24262693524360657, 0.1428472399711609, 0.9589059948921204, -0.24514102935791016, -0.9823344349861145, 0.10710811614990234, -0.1534508764743805, -0.12088834494352341, 0.2627304792404175, 0.9572662711143494)
    pose_ui_dodge_1_Keyframe_HumanoidRootPart_Torso_Left_Leg.Weight = 1
    local pose_ui_dodge_1_Keyframe_HumanoidRootPart_Torso_Right_Arm = Instance.new("Pose")
    pose_ui_dodge_1_Keyframe_HumanoidRootPart_Torso_Right_Arm.Name = "Right Arm"
    pose_ui_dodge_1_Keyframe_HumanoidRootPart_Torso_Right_Arm.CFrame = CFrame.new(0.5920693278312683, 0.44046688079833984, 0.06621512025594711, 0.04622304439544678, -0.90125572681427, -0.43081507086753845, -0.02317371964454651, -0.4321274757385254, 0.9015148282051086, -0.9986623525619507, -0.031687259674072266, -0.04085981845855713)
    pose_ui_dodge_1_Keyframe_HumanoidRootPart_Torso_Right_Arm.Weight = 1
    local pose_ui_dodge_1_Keyframe_HumanoidRootPart_Torso_Right_Leg = Instance.new("Pose")
    pose_ui_dodge_1_Keyframe_HumanoidRootPart_Torso_Right_Leg.Name = "Right Leg"
    pose_ui_dodge_1_Keyframe_HumanoidRootPart_Torso_Right_Leg.CFrame = CFrame.new(0.20571492612361908, 0.5443805456161499, 0.30714482069015503, 0.8823516964912415, 0.23863209784030914, -0.40559864044189453, 0.027810022234916687, 0.8339449167251587, 0.5511465072631836, 0.4697681665420532, -0.4975847899913788, 0.729196310043335)
    pose_ui_dodge_1_Keyframe_HumanoidRootPart_Torso_Right_Leg.Weight = 1
    local pose_ui_dodge_1_Keyframe_HumanoidRootPart_Torso_Left_Arm = Instance.new("Pose")
    pose_ui_dodge_1_Keyframe_HumanoidRootPart_Torso_Left_Arm.Name = "Left Arm"
    pose_ui_dodge_1_Keyframe_HumanoidRootPart_Torso_Left_Arm.CFrame = CFrame.new(0.9666423797607422, -0.15149027109146118, -0.45657023787498474, 0.4967065453529358, 0.7196219563484192, 0.48520806431770325, -0.8678432106971741, 0.4191697835922241, 0.2667301893234253, -0.011439710855484009, -0.5535711050033569, 0.8327233195304871)
    pose_ui_dodge_1_Keyframe_HumanoidRootPart_Torso_Left_Arm.Weight = 1
    pose_ui_dodge_1_Keyframe_HumanoidRootPart.Parent = keyframe
    pose_ui_dodge_1_Keyframe_HumanoidRootPart_Torso.Parent = pose_ui_dodge_1_Keyframe_HumanoidRootPart
    pose_ui_dodge_1_Keyframe_HumanoidRootPart_Torso_Head.Parent = pose_ui_dodge_1_Keyframe_HumanoidRootPart_Torso
    pose_ui_dodge_1_Keyframe_HumanoidRootPart_Torso_Left_Leg.Parent = pose_ui_dodge_1_Keyframe_HumanoidRootPart_Torso
    pose_ui_dodge_1_Keyframe_HumanoidRootPart_Torso_Right_Arm.Parent = pose_ui_dodge_1_Keyframe_HumanoidRootPart_Torso
    pose_ui_dodge_1_Keyframe_HumanoidRootPart_Torso_Right_Leg.Parent = pose_ui_dodge_1_Keyframe_HumanoidRootPart_Torso
    pose_ui_dodge_1_Keyframe_HumanoidRootPart_Torso_Left_Arm.Parent = pose_ui_dodge_1_Keyframe_HumanoidRootPart_Torso
    keyframe.Parent = KeyframeSequence
end
do
    local keyframe = Instance.new("Keyframe")
    keyframe.Time = 0.3333333432674408
    local pose_ui_dodge_1_Keyframe_HumanoidRootPart = Instance.new("Pose")
    pose_ui_dodge_1_Keyframe_HumanoidRootPart.Name = "HumanoidRootPart"
    pose_ui_dodge_1_Keyframe_HumanoidRootPart.CFrame = CFrame.new(0, 0, 0, 1, 0, 0, 0, 1, 0, 0, 0, 1)
    pose_ui_dodge_1_Keyframe_HumanoidRootPart.Weight = 0
    local pose_ui_dodge_1_Keyframe_HumanoidRootPart_Torso = Instance.new("Pose")
    pose_ui_dodge_1_Keyframe_HumanoidRootPart_Torso.Name = "Torso"
    pose_ui_dodge_1_Keyframe_HumanoidRootPart_Torso.CFrame = CFrame.new(0.0919831395149231, 0.0000010542571544647217, -1.3901069164276123, 0.7371548414230347, -0.6405850648880005, 0.21506625413894653, 0.31124347448349, 0.03938007727265358, -0.9495137929916382, 0.5997750759124756, 0.7668768167495728, 0.2284071147441864)
    pose_ui_dodge_1_Keyframe_HumanoidRootPart_Torso.Weight = 1
    local pose_ui_dodge_1_Keyframe_HumanoidRootPart_Torso_Head = Instance.new("Pose")
    pose_ui_dodge_1_Keyframe_HumanoidRootPart_Torso_Head.Name = "Head"
    pose_ui_dodge_1_Keyframe_HumanoidRootPart_Torso_Head.CFrame = CFrame.new(-2.2351741790771484e-08, -2.2351741790771484e-08, -2.384185791015625e-07, 0.8262418508529663, 0.5434313416481018, 0.1483466476202011, -0.562926709651947, 0.8063094615936279, 0.1815997064113617, -0.0209263376891613, -0.23355355858802795, 0.9721185564994812)
    pose_ui_dodge_1_Keyframe_HumanoidRootPart_Torso_Head.Weight = 1
    local pose_ui_dodge_1_Keyframe_HumanoidRootPart_Torso_Left_Leg = Instance.new("Pose")
    pose_ui_dodge_1_Keyframe_HumanoidRootPart_Torso_Left_Leg.Name = "Left Leg"
    pose_ui_dodge_1_Keyframe_HumanoidRootPart_Torso_Left_Leg.CFrame = CFrame.new(-0.6359302401542664, 0.9346218705177307, 0.23885557055473328, 0.1826983392238617, 0.9644697904586792, -0.19083912670612335, -0.9715266823768616, 0.1473178267478943, -0.1855626255273819, -0.15085561573505402, 0.2193073034286499, 0.9639222621917725)
    pose_ui_dodge_1_Keyframe_HumanoidRootPart_Torso_Left_Leg.Weight = 1
    local pose_ui_dodge_1_Keyframe_HumanoidRootPart_Torso_Right_Arm = Instance.new("Pose")
    pose_ui_dodge_1_Keyframe_HumanoidRootPart_Torso_Right_Arm.Name = "Right Arm"
    pose_ui_dodge_1_Keyframe_HumanoidRootPart_Torso_Right_Arm.CFrame = CFrame.new(0.6408014297485352, 0.459089994430542, -0.022240711376070976, 0.02767075225710869, -0.9262484908103943, -0.3758958578109741, 0.03457522392272949, -0.3749280869960785, 0.9264084100723267, -0.9990187287330627, -0.03863118216395378, 0.021650590002536774)
    pose_ui_dodge_1_Keyframe_HumanoidRootPart_Torso_Right_Arm.Weight = 1
    local pose_ui_dodge_1_Keyframe_HumanoidRootPart_Torso_Right_Leg = Instance.new("Pose")
    pose_ui_dodge_1_Keyframe_HumanoidRootPart_Torso_Right_Leg.Name = "Right Leg"
    pose_ui_dodge_1_Keyframe_HumanoidRootPart_Torso_Right_Leg.CFrame = CFrame.new(0.158605694770813, 0.5410959720611572, 0.28342404961586, 0.8914368152618408, 0.20206522941589355, -0.405598521232605, 0.06215551495552063, 0.8320902585983276, 0.5511464476585388, 0.4488622546195984, -0.5165224075317383, 0.7291963696479797)
    pose_ui_dodge_1_Keyframe_HumanoidRootPart_Torso_Right_Leg.Weight = 1
    local pose_ui_dodge_1_Keyframe_HumanoidRootPart_Torso_Left_Arm = Instance.new("Pose")
    pose_ui_dodge_1_Keyframe_HumanoidRootPart_Torso_Left_Arm.Name = "Left Arm"
    pose_ui_dodge_1_Keyframe_HumanoidRootPart_Torso_Left_Arm.CFrame = CFrame.new(0.9437108039855957, -0.13159064948558807, -0.46950504183769226, 0.4453471302986145, 0.691429078578949, 0.5688512325286865, -0.8901671171188354, 0.4102334678173065, 0.19826990365982056, -0.09627225995063782, -0.5946716070175171, 0.7981837391853333)
    pose_ui_dodge_1_Keyframe_HumanoidRootPart_Torso_Left_Arm.Weight = 1
    pose_ui_dodge_1_Keyframe_HumanoidRootPart.Parent = keyframe
    pose_ui_dodge_1_Keyframe_HumanoidRootPart_Torso.Parent = pose_ui_dodge_1_Keyframe_HumanoidRootPart
    pose_ui_dodge_1_Keyframe_HumanoidRootPart_Torso_Head.Parent = pose_ui_dodge_1_Keyframe_HumanoidRootPart_Torso
    pose_ui_dodge_1_Keyframe_HumanoidRootPart_Torso_Left_Leg.Parent = pose_ui_dodge_1_Keyframe_HumanoidRootPart_Torso
    pose_ui_dodge_1_Keyframe_HumanoidRootPart_Torso_Right_Arm.Parent = pose_ui_dodge_1_Keyframe_HumanoidRootPart_Torso
    pose_ui_dodge_1_Keyframe_HumanoidRootPart_Torso_Right_Leg.Parent = pose_ui_dodge_1_Keyframe_HumanoidRootPart_Torso
    pose_ui_dodge_1_Keyframe_HumanoidRootPart_Torso_Left_Arm.Parent = pose_ui_dodge_1_Keyframe_HumanoidRootPart_Torso
    keyframe.Parent = KeyframeSequence
end
do
    local keyframe = Instance.new("Keyframe")
    keyframe.Time = 0.01666666753590107
    local pose_ui_dodge_1_Keyframe_HumanoidRootPart = Instance.new("Pose")
    pose_ui_dodge_1_Keyframe_HumanoidRootPart.Name = "HumanoidRootPart"
    pose_ui_dodge_1_Keyframe_HumanoidRootPart.CFrame = CFrame.new(0, 0, 0, 1, 0, 0, 0, 1, 0, 0, 0, 1)
    pose_ui_dodge_1_Keyframe_HumanoidRootPart.Weight = 0
    local pose_ui_dodge_1_Keyframe_HumanoidRootPart_Torso = Instance.new("Pose")
    pose_ui_dodge_1_Keyframe_HumanoidRootPart_Torso.Name = "Torso"
    pose_ui_dodge_1_Keyframe_HumanoidRootPart_Torso.CFrame = CFrame.new(0, 0, 0, 1, 0, 0, 0, 1, 0, 0, 0, 1)
    pose_ui_dodge_1_Keyframe_HumanoidRootPart_Torso.Weight = 0
    local pose_ui_dodge_1_Keyframe_HumanoidRootPart_Torso_Left_Leg = Instance.new("Pose")
    pose_ui_dodge_1_Keyframe_HumanoidRootPart_Torso_Left_Leg.Name = "Left Leg"
    pose_ui_dodge_1_Keyframe_HumanoidRootPart_Torso_Left_Leg.CFrame = CFrame.new(-0.17618417739868164, 0.8396461009979248, 0.2329028844833374, 0.6661642789840698, 0.7457932829856873, -0.004198431968688965, -0.7393204569816589, 0.659621000289917, -0.13529807329177856, -0.09813500195741653, 0.09323474764823914, 0.9907960295677185)
    pose_ui_dodge_1_Keyframe_HumanoidRootPart_Torso_Left_Leg.Weight = 1
    pose_ui_dodge_1_Keyframe_HumanoidRootPart.Parent = keyframe
    pose_ui_dodge_1_Keyframe_HumanoidRootPart_Torso.Parent = pose_ui_dodge_1_Keyframe_HumanoidRootPart
    pose_ui_dodge_1_Keyframe_HumanoidRootPart_Torso_Left_Leg.Parent = pose_ui_dodge_1_Keyframe_HumanoidRootPart_Torso
    keyframe.Parent = KeyframeSequence
end

return KeyframeSequence
