local KeyframeSequence = Instance.new("KeyframeSequence")
do
    local keyframe = Instance.new("Keyframe")
    keyframe.Time = 0
    local pose_ui_dodge_2_Keyframe_HumanoidRootPart = Instance.new("Pose")
    pose_ui_dodge_2_Keyframe_HumanoidRootPart.Name = "HumanoidRootPart"
    pose_ui_dodge_2_Keyframe_HumanoidRootPart.CFrame = CFrame.new(0, 0, 0, 1, 0, 0, 0, 1, 0, 0, 0, 1)
    pose_ui_dodge_2_Keyframe_HumanoidRootPart.Weight = 0
    local pose_ui_dodge_2_Keyframe_HumanoidRootPart_Torso = Instance.new("Pose")
    pose_ui_dodge_2_Keyframe_HumanoidRootPart_Torso.Name = "Torso"
    pose_ui_dodge_2_Keyframe_HumanoidRootPart_Torso.CFrame = CFrame.new(0.3186594545841217, 5.848705768585205e-07, -0.1588425487279892, 0.9596760869026184, 0.2808486223220825, 0.01208081841468811, -0.26455971598625183, 0.9168740510940552, -0.29891538619995117, -0.09502655267715454, 0.28366586565971375, 0.9542031288146973)
    pose_ui_dodge_2_Keyframe_HumanoidRootPart_Torso.Weight = 1
    local pose_ui_dodge_2_Keyframe_HumanoidRootPart_Torso_Head = Instance.new("Pose")
    pose_ui_dodge_2_Keyframe_HumanoidRootPart_Torso_Head.Name = "Head"
    pose_ui_dodge_2_Keyframe_HumanoidRootPart_Torso_Head.CFrame = CFrame.new(0, 0, -8.940696716308594e-08, 0.9807640910148621, -0.045109886676073074, 0.18991318345069885, 0.09527907520532608, 0.9597857594490051, -0.2640705704689026, -0.17036376893520355, 0.27708566188812256, 0.9456213116645813)
    pose_ui_dodge_2_Keyframe_HumanoidRootPart_Torso_Head.Weight = 1
    local pose_ui_dodge_2_Keyframe_HumanoidRootPart_Torso_Left_Leg = Instance.new("Pose")
    pose_ui_dodge_2_Keyframe_HumanoidRootPart_Torso_Left_Leg.Name = "Left Leg"
    pose_ui_dodge_2_Keyframe_HumanoidRootPart_Torso_Left_Leg.CFrame = CFrame.new(-0.2527533769607544, 0.5730944871902466, 0.030552402138710022, 0.79326331615448, 0.05217147618532181, 0.6066393852233887, -0.28526508808135986, 0.9120544791221619, 0.29458537697792053, -0.537919282913208, -0.4067368507385254, 0.73838210105896)
    pose_ui_dodge_2_Keyframe_HumanoidRootPart_Torso_Left_Leg.Weight = 1
    local pose_ui_dodge_2_Keyframe_HumanoidRootPart_Torso_Right_Arm = Instance.new("Pose")
    pose_ui_dodge_2_Keyframe_HumanoidRootPart_Torso_Right_Arm.Name = "Right Arm"
    pose_ui_dodge_2_Keyframe_HumanoidRootPart_Torso_Right_Arm.CFrame = CFrame.new(-2.9802322387695312e-08, -4.470348358154297e-08, 0, 0.9299110174179077, 0, -0.3677845299243927, 0.20117859542369843, 0.8371317982673645, 0.5086624622344971, 0.3078841269016266, -0.5470012426376343, 0.7784580588340759)
    pose_ui_dodge_2_Keyframe_HumanoidRootPart_Torso_Right_Arm.Weight = 1
    local pose_ui_dodge_2_Keyframe_HumanoidRootPart_Torso_Right_Leg = Instance.new("Pose")
    pose_ui_dodge_2_Keyframe_HumanoidRootPart_Torso_Right_Leg.Name = "Right Leg"
    pose_ui_dodge_2_Keyframe_HumanoidRootPart_Torso_Right_Leg.CFrame = CFrame.new(0.5980669260025024, 0.051859378814697266, -0.058672428131103516, 0.932051420211792, -0.3600641191005707, 0.04042328521609306, 0.3608627915382385, 0.9124751091003418, -0.19278796017169952, 0.032530780881643295, 0.19427554309368134, 0.9804074168205261)
    pose_ui_dodge_2_Keyframe_HumanoidRootPart_Torso_Right_Leg.Weight = 1
    local pose_ui_dodge_2_Keyframe_HumanoidRootPart_Torso_Left_Arm = Instance.new("Pose")
    pose_ui_dodge_2_Keyframe_HumanoidRootPart_Torso_Left_Arm.Name = "Left Arm"
    pose_ui_dodge_2_Keyframe_HumanoidRootPart_Torso_Left_Arm.CFrame = CFrame.new(0, 2.9802322387695312e-08, 0, 0.6222033500671387, 0, 0.7828556895256042, -0.3506027162075043, 0.8941081762313843, 0.27865439653396606, -0.6999576687812805, -0.4478510022163391, 0.5563170909881592)
    pose_ui_dodge_2_Keyframe_HumanoidRootPart_Torso_Left_Arm.Weight = 1
    pose_ui_dodge_2_Keyframe_HumanoidRootPart.Parent = keyframe
    pose_ui_dodge_2_Keyframe_HumanoidRootPart_Torso.Parent = pose_ui_dodge_2_Keyframe_HumanoidRootPart
    pose_ui_dodge_2_Keyframe_HumanoidRootPart_Torso_Head.Parent = pose_ui_dodge_2_Keyframe_HumanoidRootPart_Torso
    pose_ui_dodge_2_Keyframe_HumanoidRootPart_Torso_Left_Leg.Parent = pose_ui_dodge_2_Keyframe_HumanoidRootPart_Torso
    pose_ui_dodge_2_Keyframe_HumanoidRootPart_Torso_Right_Arm.Parent = pose_ui_dodge_2_Keyframe_HumanoidRootPart_Torso
    pose_ui_dodge_2_Keyframe_HumanoidRootPart_Torso_Right_Leg.Parent = pose_ui_dodge_2_Keyframe_HumanoidRootPart_Torso
    pose_ui_dodge_2_Keyframe_HumanoidRootPart_Torso_Left_Arm.Parent = pose_ui_dodge_2_Keyframe_HumanoidRootPart_Torso
    keyframe.Parent = KeyframeSequence
end
do
    local keyframe = Instance.new("Keyframe")
    keyframe.Time = 0.05000000074505806
    local pose_ui_dodge_2_Keyframe_HumanoidRootPart = Instance.new("Pose")
    pose_ui_dodge_2_Keyframe_HumanoidRootPart.Name = "HumanoidRootPart"
    pose_ui_dodge_2_Keyframe_HumanoidRootPart.CFrame = CFrame.new(0, 0, 0, 1, 0, 0, 0, 1, 0, 0, 0, 1)
    pose_ui_dodge_2_Keyframe_HumanoidRootPart.Weight = 0
    local pose_ui_dodge_2_Keyframe_HumanoidRootPart_Torso = Instance.new("Pose")
    pose_ui_dodge_2_Keyframe_HumanoidRootPart_Torso.Name = "Torso"
    pose_ui_dodge_2_Keyframe_HumanoidRootPart_Torso.CFrame = CFrame.new(-0.9519385099411011, 0, -0.4323520064353943, 0.7958807349205017, -0.5911149978637695, -0.13098499178886414, 0.48163917660713196, 0.7492231726646423, -0.4546300768852234, 0.3668755888938904, 0.2987438142299652, 0.8809963464736938)
    pose_ui_dodge_2_Keyframe_HumanoidRootPart_Torso.Weight = 1
    local pose_ui_dodge_2_Keyframe_HumanoidRootPart_Torso_Head = Instance.new("Pose")
    pose_ui_dodge_2_Keyframe_HumanoidRootPart_Torso_Head.Name = "Head"
    pose_ui_dodge_2_Keyframe_HumanoidRootPart_Torso_Head.CFrame = CFrame.new(-7.450580596923828e-09, 8.940696716308594e-08, -3.5762786865234375e-07, 0.9723836779594421, -0.09475254267454147, 0.21328914165496826, 0.22627270221710205, 0.6066850423812866, -0.7620590329170227, -0.05719234049320221, 0.7892751097679138, 0.6113702654838562)
    pose_ui_dodge_2_Keyframe_HumanoidRootPart_Torso_Head.Weight = 1
    local pose_ui_dodge_2_Keyframe_HumanoidRootPart_Torso_Left_Leg = Instance.new("Pose")
    pose_ui_dodge_2_Keyframe_HumanoidRootPart_Torso_Left_Leg.Name = "Left Leg"
    pose_ui_dodge_2_Keyframe_HumanoidRootPart_Torso_Left_Leg.CFrame = CFrame.new(-1.073868989944458, 0.1306820511817932, 0.6760812997817993, 0.5648608207702637, -0.6278060078620911, 0.5355294942855835, 0.8220584988594055, 0.4845707416534424, -0.29901644587516785, -0.07177765667438507, 0.6091393232345581, 0.7898083925247192)
    pose_ui_dodge_2_Keyframe_HumanoidRootPart_Torso_Left_Leg.Weight = 1
    local pose_ui_dodge_2_Keyframe_HumanoidRootPart_Torso_Right_Arm = Instance.new("Pose")
    pose_ui_dodge_2_Keyframe_HumanoidRootPart_Torso_Right_Arm.Name = "Right Arm"
    pose_ui_dodge_2_Keyframe_HumanoidRootPart_Torso_Right_Arm.CFrame = CFrame.new(-0.29234322905540466, -0.30020517110824585, -0.12680959701538086, 0.7331967949867249, -0.0388108491897583, -0.6789080500602722, 0.6603653430938721, 0.27891290187835693, 0.6972267627716064, 0.16229623556137085, -0.9595317244529724, 0.23012739419937134)
    pose_ui_dodge_2_Keyframe_HumanoidRootPart_Torso_Right_Arm.Weight = 1
    local pose_ui_dodge_2_Keyframe_HumanoidRootPart_Torso_Right_Leg = Instance.new("Pose")
    pose_ui_dodge_2_Keyframe_HumanoidRootPart_Torso_Right_Leg.Name = "Right Leg"
    pose_ui_dodge_2_Keyframe_HumanoidRootPart_Torso_Right_Leg.CFrame = CFrame.new(0.4506157636642456, 0.05763959884643555, 0.009722113609313965, 0.7818206548690796, -0.6201891899108887, -0.06420423090457916, 0.600396990776062, 0.7766181826591492, -0.1907551884651184, 0.16816645860671997, 0.11058832705020905, 0.9795358180999756)
    pose_ui_dodge_2_Keyframe_HumanoidRootPart_Torso_Right_Leg.Weight = 1
    local pose_ui_dodge_2_Keyframe_HumanoidRootPart_Torso_Left_Arm = Instance.new("Pose")
    pose_ui_dodge_2_Keyframe_HumanoidRootPart_Torso_Left_Arm.Name = "Left Arm"
    pose_ui_dodge_2_Keyframe_HumanoidRootPart_Torso_Left_Arm.CFrame = CFrame.new(-0.0366361141204834, -0.09313499927520752, -0.06815126538276672, -0.30257248878479004, 0.12794391810894012, 0.9445000290870667, -0.7691869735717773, 0.5524089932441711, -0.3212410807609558, -0.5628511309623718, -0.8236957788467407, -0.06873100996017456)
    pose_ui_dodge_2_Keyframe_HumanoidRootPart_Torso_Left_Arm.Weight = 1
    pose_ui_dodge_2_Keyframe_HumanoidRootPart.Parent = keyframe
    pose_ui_dodge_2_Keyframe_HumanoidRootPart_Torso.Parent = pose_ui_dodge_2_Keyframe_HumanoidRootPart
    pose_ui_dodge_2_Keyframe_HumanoidRootPart_Torso_Head.Parent = pose_ui_dodge_2_Keyframe_HumanoidRootPart_Torso
    pose_ui_dodge_2_Keyframe_HumanoidRootPart_Torso_Left_Leg.Parent = pose_ui_dodge_2_Keyframe_HumanoidRootPart_Torso
    pose_ui_dodge_2_Keyframe_HumanoidRootPart_Torso_Right_Arm.Parent = pose_ui_dodge_2_Keyframe_HumanoidRootPart_Torso
    pose_ui_dodge_2_Keyframe_HumanoidRootPart_Torso_Right_Leg.Parent = pose_ui_dodge_2_Keyframe_HumanoidRootPart_Torso
    pose_ui_dodge_2_Keyframe_HumanoidRootPart_Torso_Left_Arm.Parent = pose_ui_dodge_2_Keyframe_HumanoidRootPart_Torso
    keyframe.Parent = KeyframeSequence
end
do
    local keyframe = Instance.new("Keyframe")
    keyframe.Time = 0.18333333730697632
    local pose_ui_dodge_2_Keyframe_HumanoidRootPart = Instance.new("Pose")
    pose_ui_dodge_2_Keyframe_HumanoidRootPart.Name = "HumanoidRootPart"
    pose_ui_dodge_2_Keyframe_HumanoidRootPart.CFrame = CFrame.new(0, 0, 0, 1, 0, 0, 0, 1, 0, 0, 0, 1)
    pose_ui_dodge_2_Keyframe_HumanoidRootPart.Weight = 0
    local pose_ui_dodge_2_Keyframe_HumanoidRootPart_Torso = Instance.new("Pose")
    pose_ui_dodge_2_Keyframe_HumanoidRootPart_Torso.Name = "Torso"
    pose_ui_dodge_2_Keyframe_HumanoidRootPart_Torso.CFrame = CFrame.new(0, 0, 0, 1, 0, 0, 0, 1, 0, 0, 0, 1)
    pose_ui_dodge_2_Keyframe_HumanoidRootPart_Torso.Weight = 0
    local pose_ui_dodge_2_Keyframe_HumanoidRootPart_Torso_Head = Instance.new("Pose")
    pose_ui_dodge_2_Keyframe_HumanoidRootPart_Torso_Head.Name = "Head"
    pose_ui_dodge_2_Keyframe_HumanoidRootPart_Torso_Head.CFrame = CFrame.new(-1.1175870895385742e-07, 3.5762786865234375e-07, -5.364418029785156e-07, 0.9677832722663879, 0.20060069859027863, 0.15216878056526184, -0.08131115138530731, 0.8209770321846008, -0.5651416778564453, -0.23829495906829834, 0.5345616936683655, 0.810838520526886)
    pose_ui_dodge_2_Keyframe_HumanoidRootPart_Torso_Head.Weight = 1
    local pose_ui_dodge_2_Keyframe_HumanoidRootPart_Torso_Right_Arm = Instance.new("Pose")
    pose_ui_dodge_2_Keyframe_HumanoidRootPart_Torso_Right_Arm.Name = "Right Arm"
    pose_ui_dodge_2_Keyframe_HumanoidRootPart_Torso_Right_Arm.CFrame = CFrame.new(-0.4613523483276367, -0.2900642156600952, -0.2014949917793274, 0.501785933971405, -0.2172204554080963, -0.8372730016708374, 0.8004875183105469, 0.4833950996398926, 0.3543289005756378, 0.32776615023612976, -0.8480238914489746, 0.4164431095123291)
    pose_ui_dodge_2_Keyframe_HumanoidRootPart_Torso_Right_Arm.Weight = 1
    local pose_ui_dodge_2_Keyframe_HumanoidRootPart_Torso_Left_Arm = Instance.new("Pose")
    pose_ui_dodge_2_Keyframe_HumanoidRootPart_Torso_Left_Arm.Name = "Left Arm"
    pose_ui_dodge_2_Keyframe_HumanoidRootPart_Torso_Left_Arm.CFrame = CFrame.new(0.24838745594024658, -0.08307355642318726, -0.15978571772575378, -0.37524497509002686, 0.26469525694847107, 0.8883286118507385, -0.7389323711395264, 0.4931708872318268, -0.459087610244751, -0.5596161484718323, -0.8286851048469543, 0.01053193211555481)
    pose_ui_dodge_2_Keyframe_HumanoidRootPart_Torso_Left_Arm.Weight = 1
    pose_ui_dodge_2_Keyframe_HumanoidRootPart.Parent = keyframe
    pose_ui_dodge_2_Keyframe_HumanoidRootPart_Torso.Parent = pose_ui_dodge_2_Keyframe_HumanoidRootPart
    pose_ui_dodge_2_Keyframe_HumanoidRootPart_Torso_Head.Parent = pose_ui_dodge_2_Keyframe_HumanoidRootPart_Torso
    pose_ui_dodge_2_Keyframe_HumanoidRootPart_Torso_Right_Arm.Parent = pose_ui_dodge_2_Keyframe_HumanoidRootPart_Torso
    pose_ui_dodge_2_Keyframe_HumanoidRootPart_Torso_Left_Arm.Parent = pose_ui_dodge_2_Keyframe_HumanoidRootPart_Torso
    keyframe.Parent = KeyframeSequence
end
do
    local keyframe = Instance.new("Keyframe")
    keyframe.Time = 0.23333333432674408
    local pose_ui_dodge_2_Keyframe_HumanoidRootPart = Instance.new("Pose")
    pose_ui_dodge_2_Keyframe_HumanoidRootPart.Name = "HumanoidRootPart"
    pose_ui_dodge_2_Keyframe_HumanoidRootPart.CFrame = CFrame.new(0, 0, 0, 1, 0, 0, 0, 1, 0, 0, 0, 1)
    pose_ui_dodge_2_Keyframe_HumanoidRootPart.Weight = 0
    local pose_ui_dodge_2_Keyframe_HumanoidRootPart_Torso = Instance.new("Pose")
    pose_ui_dodge_2_Keyframe_HumanoidRootPart_Torso.Name = "Torso"
    pose_ui_dodge_2_Keyframe_HumanoidRootPart_Torso.CFrame = CFrame.new(-0.6076364517211914, 4.76837158203125e-07, -0.4977121353149414, 0.7324641942977905, -0.6808019876480103, 0.0022001713514328003, 0.5806849002838135, 0.6230562925338745, -0.5240285396575928, 0.355388879776001, 0.38510972261428833, 0.8516978621482849)
    pose_ui_dodge_2_Keyframe_HumanoidRootPart_Torso.Weight = 1
    local pose_ui_dodge_2_Keyframe_HumanoidRootPart_Torso_Head = Instance.new("Pose")
    pose_ui_dodge_2_Keyframe_HumanoidRootPart_Torso_Head.Name = "Head"
    pose_ui_dodge_2_Keyframe_HumanoidRootPart_Torso_Head.CFrame = CFrame.new(-5.21540641784668e-08, -2.9802322387695312e-08, -8.940696716308594e-08, 0.9373582005500793, 0.26063454151153564, 0.2311476171016693, -0.11529520153999329, 0.8582248687744141, -0.5001571178436279, -0.3287348449230194, 0.44217613339424133, 0.8345140218734741)
    pose_ui_dodge_2_Keyframe_HumanoidRootPart_Torso_Head.Weight = 1
    local pose_ui_dodge_2_Keyframe_HumanoidRootPart_Torso_Left_Leg = Instance.new("Pose")
    pose_ui_dodge_2_Keyframe_HumanoidRootPart_Torso_Left_Leg.Name = "Left Leg"
    pose_ui_dodge_2_Keyframe_HumanoidRootPart_Torso_Left_Leg.CFrame = CFrame.new(-0.7520601153373718, 0.5535104274749756, 0.37801435589790344, 0.910108208656311, -0.279953271150589, 0.3054982125759125, 0.3663744628429413, 0.8880783319473267, -0.2776447534561157, -0.1935787796974182, 0.36461353302001953, 0.9108151197433472)
    pose_ui_dodge_2_Keyframe_HumanoidRootPart_Torso_Left_Leg.Weight = 1
    local pose_ui_dodge_2_Keyframe_HumanoidRootPart_Torso_Right_Arm = Instance.new("Pose")
    pose_ui_dodge_2_Keyframe_HumanoidRootPart_Torso_Right_Arm.Name = "Right Arm"
    pose_ui_dodge_2_Keyframe_HumanoidRootPart_Torso_Right_Arm.CFrame = CFrame.new(-0.5419982671737671, -0.2196638137102127, -0.2872485816478729, 0.6227608919143677, -0.27750521898269653, -0.73154616355896, 0.7205647826194763, 0.5677608251571655, 0.3980378210544586, 0.3048856556415558, -0.7750087976455688, 0.5535396933555603)
    pose_ui_dodge_2_Keyframe_HumanoidRootPart_Torso_Right_Arm.Weight = 1
    local pose_ui_dodge_2_Keyframe_HumanoidRootPart_Torso_Right_Leg = Instance.new("Pose")
    pose_ui_dodge_2_Keyframe_HumanoidRootPart_Torso_Right_Leg.Name = "Right Leg"
    pose_ui_dodge_2_Keyframe_HumanoidRootPart_Torso_Right_Leg.CFrame = CFrame.new(0.23092591762542725, 0.24910879135131836, 0.0430217981338501, 0.6859825849533081, -0.6945636868476868, -0.21681581437587738, 0.6849128603935242, 0.7169699668884277, -0.12980158627033234, 0.24560590088367462, -0.05945828557014465, 0.9675445556640625)
    pose_ui_dodge_2_Keyframe_HumanoidRootPart_Torso_Right_Leg.Weight = 1
    local pose_ui_dodge_2_Keyframe_HumanoidRootPart_Torso_Left_Arm = Instance.new("Pose")
    pose_ui_dodge_2_Keyframe_HumanoidRootPart_Torso_Left_Arm.Name = "Left Arm"
    pose_ui_dodge_2_Keyframe_HumanoidRootPart_Torso_Left_Arm.CFrame = CFrame.new(0.21880662441253662, -0.08097374439239502, -0.22670991718769073, -0.3517029285430908, 0.32485413551330566, 0.8779378533363342, -0.7564100027084351, 0.45390427112579346, -0.4709721505641937, -0.5514970421791077, -0.8297232389450073, 0.08608341217041016)
    pose_ui_dodge_2_Keyframe_HumanoidRootPart_Torso_Left_Arm.Weight = 1
    pose_ui_dodge_2_Keyframe_HumanoidRootPart.Parent = keyframe
    pose_ui_dodge_2_Keyframe_HumanoidRootPart_Torso.Parent = pose_ui_dodge_2_Keyframe_HumanoidRootPart
    pose_ui_dodge_2_Keyframe_HumanoidRootPart_Torso_Head.Parent = pose_ui_dodge_2_Keyframe_HumanoidRootPart_Torso
    pose_ui_dodge_2_Keyframe_HumanoidRootPart_Torso_Left_Leg.Parent = pose_ui_dodge_2_Keyframe_HumanoidRootPart_Torso
    pose_ui_dodge_2_Keyframe_HumanoidRootPart_Torso_Right_Arm.Parent = pose_ui_dodge_2_Keyframe_HumanoidRootPart_Torso
    pose_ui_dodge_2_Keyframe_HumanoidRootPart_Torso_Right_Leg.Parent = pose_ui_dodge_2_Keyframe_HumanoidRootPart_Torso
    pose_ui_dodge_2_Keyframe_HumanoidRootPart_Torso_Left_Arm.Parent = pose_ui_dodge_2_Keyframe_HumanoidRootPart_Torso
    keyframe.Parent = KeyframeSequence
end
do
    local keyframe = Instance.new("Keyframe")
    keyframe.Time = 0.2666666805744171
    local pose_ui_dodge_2_Keyframe_HumanoidRootPart = Instance.new("Pose")
    pose_ui_dodge_2_Keyframe_HumanoidRootPart.Name = "HumanoidRootPart"
    pose_ui_dodge_2_Keyframe_HumanoidRootPart.CFrame = CFrame.new(0, 0, 0, 1, 0, 0, 0, 1, 0, 0, 0, 1)
    pose_ui_dodge_2_Keyframe_HumanoidRootPart.Weight = 0
    local pose_ui_dodge_2_Keyframe_HumanoidRootPart_Torso = Instance.new("Pose")
    pose_ui_dodge_2_Keyframe_HumanoidRootPart_Torso.Name = "Torso"
    pose_ui_dodge_2_Keyframe_HumanoidRootPart_Torso.CFrame = CFrame.new(0, 0, 0, 1, 0, 0, 0, 1, 0, 0, 0, 1)
    pose_ui_dodge_2_Keyframe_HumanoidRootPart_Torso.Weight = 0
    local pose_ui_dodge_2_Keyframe_HumanoidRootPart_Torso_Head = Instance.new("Pose")
    pose_ui_dodge_2_Keyframe_HumanoidRootPart_Torso_Head.Name = "Head"
    pose_ui_dodge_2_Keyframe_HumanoidRootPart_Torso_Head.CFrame = CFrame.new(4.470348358154297e-08, 5.960464477539063e-08, -2.9802322387695312e-08, 0.9299317598342896, 0.26580703258514404, 0.2541132867336273, -0.11852695047855377, 0.8708052039146423, -0.47712647914886475, -0.34810671210289, 0.41357582807540894, 0.8412947058677673)
    pose_ui_dodge_2_Keyframe_HumanoidRootPart_Torso_Head.Weight = 1
    local pose_ui_dodge_2_Keyframe_HumanoidRootPart_Torso_Left_Leg = Instance.new("Pose")
    pose_ui_dodge_2_Keyframe_HumanoidRootPart_Torso_Left_Leg.Name = "Left Leg"
    pose_ui_dodge_2_Keyframe_HumanoidRootPart_Torso_Left_Leg.CFrame = CFrame.new(-0.7426817417144775, 0.5782679915428162, 0.38414549827575684, 0.9176450371742249, -0.2519466280937195, 0.3073280155658722, 0.3446239233016968, 0.8896133899688721, -0.2997037172317505, -0.19789376854896545, 0.3809342384338379, 0.9031761288642883)
    pose_ui_dodge_2_Keyframe_HumanoidRootPart_Torso_Left_Leg.Weight = 1
    pose_ui_dodge_2_Keyframe_HumanoidRootPart.Parent = keyframe
    pose_ui_dodge_2_Keyframe_HumanoidRootPart_Torso.Parent = pose_ui_dodge_2_Keyframe_HumanoidRootPart
    pose_ui_dodge_2_Keyframe_HumanoidRootPart_Torso_Head.Parent = pose_ui_dodge_2_Keyframe_HumanoidRootPart_Torso
    pose_ui_dodge_2_Keyframe_HumanoidRootPart_Torso_Left_Leg.Parent = pose_ui_dodge_2_Keyframe_HumanoidRootPart_Torso
    keyframe.Parent = KeyframeSequence
end
do
    local keyframe = Instance.new("Keyframe")
    keyframe.Time = 0.3333333432674408
    local pose_ui_dodge_2_Keyframe_HumanoidRootPart = Instance.new("Pose")
    pose_ui_dodge_2_Keyframe_HumanoidRootPart.Name = "HumanoidRootPart"
    pose_ui_dodge_2_Keyframe_HumanoidRootPart.CFrame = CFrame.new(0, 0, 0, 1, 0, 0, 0, 1, 0, 0, 0, 1)
    pose_ui_dodge_2_Keyframe_HumanoidRootPart.Weight = 0
    local pose_ui_dodge_2_Keyframe_HumanoidRootPart_Torso = Instance.new("Pose")
    pose_ui_dodge_2_Keyframe_HumanoidRootPart_Torso.Name = "Torso"
    pose_ui_dodge_2_Keyframe_HumanoidRootPart_Torso.CFrame = CFrame.new(0, 0, 0, 1, 0, 0, 0, 1, 0, 0, 0, 1)
    pose_ui_dodge_2_Keyframe_HumanoidRootPart_Torso.Weight = 0
    local pose_ui_dodge_2_Keyframe_HumanoidRootPart_Torso_Head = Instance.new("Pose")
    pose_ui_dodge_2_Keyframe_HumanoidRootPart_Torso_Head.Name = "Head"
    pose_ui_dodge_2_Keyframe_HumanoidRootPart_Torso_Head.CFrame = CFrame.new(0, 2.9802322387695312e-08, -2.9802322387695312e-08, 0.9315733313560486, 0.2448035627603531, 0.2687793970108032, -0.10274435579776764, 0.8864519000053406, -0.45127221941947937, -0.3487330675125122, 0.39277759194374084, 0.8509471416473389)
    pose_ui_dodge_2_Keyframe_HumanoidRootPart_Torso_Head.Weight = 1
    local pose_ui_dodge_2_Keyframe_HumanoidRootPart_Torso_Left_Leg = Instance.new("Pose")
    pose_ui_dodge_2_Keyframe_HumanoidRootPart_Torso_Left_Leg.Name = "Left Leg"
    pose_ui_dodge_2_Keyframe_HumanoidRootPart_Torso_Left_Leg.CFrame = CFrame.new(-0.7272368669509888, 0.6001739501953125, 0.3846781849861145, 0.9228282570838928, -0.2239171862602234, 0.31344711780548096, 0.32452285289764404, 0.8903100490570068, -0.3194260597229004, -0.20754015445709229, 0.39649611711502075, 0.8942694664001465)
    pose_ui_dodge_2_Keyframe_HumanoidRootPart_Torso_Left_Leg.Weight = 1
    pose_ui_dodge_2_Keyframe_HumanoidRootPart.Parent = keyframe
    pose_ui_dodge_2_Keyframe_HumanoidRootPart_Torso.Parent = pose_ui_dodge_2_Keyframe_HumanoidRootPart
    pose_ui_dodge_2_Keyframe_HumanoidRootPart_Torso_Head.Parent = pose_ui_dodge_2_Keyframe_HumanoidRootPart_Torso
    pose_ui_dodge_2_Keyframe_HumanoidRootPart_Torso_Left_Leg.Parent = pose_ui_dodge_2_Keyframe_HumanoidRootPart_Torso
    keyframe.Parent = KeyframeSequence
end
do
    local keyframe = Instance.new("Keyframe")
    keyframe.Time = 0.44999998807907104
    local pose_ui_dodge_2_Keyframe_HumanoidRootPart = Instance.new("Pose")
    pose_ui_dodge_2_Keyframe_HumanoidRootPart.Name = "HumanoidRootPart"
    pose_ui_dodge_2_Keyframe_HumanoidRootPart.CFrame = CFrame.new(0, 0, 0, 1, 0, 0, 0, 1, 0, 0, 0, 1)
    pose_ui_dodge_2_Keyframe_HumanoidRootPart.Weight = 0
    local pose_ui_dodge_2_Keyframe_HumanoidRootPart_Torso = Instance.new("Pose")
    pose_ui_dodge_2_Keyframe_HumanoidRootPart_Torso.Name = "Torso"
    pose_ui_dodge_2_Keyframe_HumanoidRootPart_Torso.CFrame = CFrame.new(-0.5110349655151367, 4.3213367462158203e-07, -0.37289032340049744, 0.8003572821617126, -0.5963701605796814, 0.06140942871570587, 0.5375936031341553, 0.6685670018196106, -0.5138205289840698, 0.26537081599235535, 0.44425326585769653, 0.8556970953941345)
    pose_ui_dodge_2_Keyframe_HumanoidRootPart_Torso.Weight = 1
    local pose_ui_dodge_2_Keyframe_HumanoidRootPart_Torso_Head = Instance.new("Pose")
    pose_ui_dodge_2_Keyframe_HumanoidRootPart_Torso_Head.Name = "Head"
    pose_ui_dodge_2_Keyframe_HumanoidRootPart_Torso_Head.CFrame = CFrame.new(0, 2.980232238769531e-07, -4.76837158203125e-07, 0.9587719440460205, 0.15417012572288513, 0.2387222796678543, -0.0334801971912384, 0.8954773545265198, -0.44384580850601196, -0.2821981608867645, 0.4175545275211334, 0.8637199401855469)
    pose_ui_dodge_2_Keyframe_HumanoidRootPart_Torso_Head.Weight = 1
    local pose_ui_dodge_2_Keyframe_HumanoidRootPart_Torso_Left_Leg = Instance.new("Pose")
    pose_ui_dodge_2_Keyframe_HumanoidRootPart_Torso_Left_Leg.Name = "Left Leg"
    pose_ui_dodge_2_Keyframe_HumanoidRootPart_Torso_Left_Leg.CFrame = CFrame.new(-0.7060045599937439, 0.5901932716369629, 0.3650834560394287, 0.9166093468666077, -0.22455739974975586, 0.33075836300849915, 0.3306404948234558, 0.8908867239952087, -0.3114445209503174, -0.22473111748695374, 0.39483505487442017, 0.8908429145812988)
    pose_ui_dodge_2_Keyframe_HumanoidRootPart_Torso_Left_Leg.Weight = 1
    local pose_ui_dodge_2_Keyframe_HumanoidRootPart_Torso_Right_Arm = Instance.new("Pose")
    pose_ui_dodge_2_Keyframe_HumanoidRootPart_Torso_Right_Arm.Name = "Right Arm"
    pose_ui_dodge_2_Keyframe_HumanoidRootPart_Torso_Right_Arm.CFrame = CFrame.new(-0.5452011227607727, -0.22031763195991516, -0.30647286772727966, 0.8629430532455444, -0.4125593304634094, -0.2917606830596924, 0.49875277280807495, 0.6027718782424927, 0.6228258013725281, -0.08108745515346527, -0.6829795241355896, 0.7259226441383362)
    pose_ui_dodge_2_Keyframe_HumanoidRootPart_Torso_Right_Arm.Weight = 1
    local pose_ui_dodge_2_Keyframe_HumanoidRootPart_Torso_Right_Leg = Instance.new("Pose")
    pose_ui_dodge_2_Keyframe_HumanoidRootPart_Torso_Right_Leg.Name = "Right Leg"
    pose_ui_dodge_2_Keyframe_HumanoidRootPart_Torso_Right_Leg.CFrame = CFrame.new(0.3302893042564392, 0.123199462890625, 0.004289180040359497, 0.6888642311096191, -0.7127630114555359, -0.13204099237918854, 0.7029771208763123, 0.7013128995895386, -0.1182495653629303, 0.1768859326839447, -0.011363870464265347, 0.9841659665107727)
    pose_ui_dodge_2_Keyframe_HumanoidRootPart_Torso_Right_Leg.Weight = 1
    local pose_ui_dodge_2_Keyframe_HumanoidRootPart_Torso_Left_Arm = Instance.new("Pose")
    pose_ui_dodge_2_Keyframe_HumanoidRootPart_Torso_Left_Arm.Name = "Left Arm"
    pose_ui_dodge_2_Keyframe_HumanoidRootPart_Torso_Left_Arm.CFrame = CFrame.new(0.25499585270881653, 0.006514817476272583, -0.3221101760864258, -0.46403732895851135, 0.4730263352394104, 0.7489429116249084, -0.7426130771636963, 0.25317880511283875, -0.6200210452079773, -0.4829028248786926, -0.8438878059387207, 0.23379109799861908)
    pose_ui_dodge_2_Keyframe_HumanoidRootPart_Torso_Left_Arm.Weight = 1
    pose_ui_dodge_2_Keyframe_HumanoidRootPart.Parent = keyframe
    pose_ui_dodge_2_Keyframe_HumanoidRootPart_Torso.Parent = pose_ui_dodge_2_Keyframe_HumanoidRootPart
    pose_ui_dodge_2_Keyframe_HumanoidRootPart_Torso_Head.Parent = pose_ui_dodge_2_Keyframe_HumanoidRootPart_Torso
    pose_ui_dodge_2_Keyframe_HumanoidRootPart_Torso_Left_Leg.Parent = pose_ui_dodge_2_Keyframe_HumanoidRootPart_Torso
    pose_ui_dodge_2_Keyframe_HumanoidRootPart_Torso_Right_Arm.Parent = pose_ui_dodge_2_Keyframe_HumanoidRootPart_Torso
    pose_ui_dodge_2_Keyframe_HumanoidRootPart_Torso_Right_Leg.Parent = pose_ui_dodge_2_Keyframe_HumanoidRootPart_Torso
    pose_ui_dodge_2_Keyframe_HumanoidRootPart_Torso_Left_Arm.Parent = pose_ui_dodge_2_Keyframe_HumanoidRootPart_Torso
    keyframe.Parent = KeyframeSequence
end
do
    local keyframe = Instance.new("Keyframe")
    keyframe.Time = 0.10000000149011612
    local pose_ui_dodge_2_Keyframe_HumanoidRootPart = Instance.new("Pose")
    pose_ui_dodge_2_Keyframe_HumanoidRootPart.Name = "HumanoidRootPart"
    pose_ui_dodge_2_Keyframe_HumanoidRootPart.CFrame = CFrame.new(0, 0, 0, 1, 0, 0, 0, 1, 0, 0, 0, 1)
    pose_ui_dodge_2_Keyframe_HumanoidRootPart.Weight = 0
    local pose_ui_dodge_2_Keyframe_HumanoidRootPart_Torso = Instance.new("Pose")
    pose_ui_dodge_2_Keyframe_HumanoidRootPart_Torso.Name = "Torso"
    pose_ui_dodge_2_Keyframe_HumanoidRootPart_Torso.CFrame = CFrame.new(0, 0, 0, 1, 0, 0, 0, 1, 0, 0, 0, 1)
    pose_ui_dodge_2_Keyframe_HumanoidRootPart_Torso.Weight = 0
    local pose_ui_dodge_2_Keyframe_HumanoidRootPart_Torso_Left_Leg = Instance.new("Pose")
    pose_ui_dodge_2_Keyframe_HumanoidRootPart_Torso_Left_Leg.Name = "Left Leg"
    pose_ui_dodge_2_Keyframe_HumanoidRootPart_Torso_Left_Leg.CFrame = CFrame.new(-0.9713808298110962, 0.4540135860443115, 0.4359019994735718, 0.7600963711738586, -0.559027910232544, 0.3312722146511078, 0.627590537071228, 0.7637202739715576, -0.15119947493076324, -0.1684746891260147, 0.3228295147418976, 0.9313417077064514)
    pose_ui_dodge_2_Keyframe_HumanoidRootPart_Torso_Left_Leg.Weight = 1
    pose_ui_dodge_2_Keyframe_HumanoidRootPart.Parent = keyframe
    pose_ui_dodge_2_Keyframe_HumanoidRootPart_Torso.Parent = pose_ui_dodge_2_Keyframe_HumanoidRootPart
    pose_ui_dodge_2_Keyframe_HumanoidRootPart_Torso_Left_Leg.Parent = pose_ui_dodge_2_Keyframe_HumanoidRootPart_Torso
    keyframe.Parent = KeyframeSequence
end
do
    local keyframe = Instance.new("Keyframe")
    keyframe.Time = 0.13333334028720856
    local pose_ui_dodge_2_Keyframe_HumanoidRootPart = Instance.new("Pose")
    pose_ui_dodge_2_Keyframe_HumanoidRootPart.Name = "HumanoidRootPart"
    pose_ui_dodge_2_Keyframe_HumanoidRootPart.CFrame = CFrame.new(0, 0, 0, 1, 0, 0, 0, 1, 0, 0, 0, 1)
    pose_ui_dodge_2_Keyframe_HumanoidRootPart.Weight = 0
    local pose_ui_dodge_2_Keyframe_HumanoidRootPart_Torso = Instance.new("Pose")
    pose_ui_dodge_2_Keyframe_HumanoidRootPart_Torso.Name = "Torso"
    pose_ui_dodge_2_Keyframe_HumanoidRootPart_Torso.CFrame = CFrame.new(0, 0, 0, 1, 0, 0, 0, 1, 0, 0, 0, 1)
    pose_ui_dodge_2_Keyframe_HumanoidRootPart_Torso.Weight = 0
    local pose_ui_dodge_2_Keyframe_HumanoidRootPart_Torso_Left_Leg = Instance.new("Pose")
    pose_ui_dodge_2_Keyframe_HumanoidRootPart_Torso_Left_Leg.Name = "Left Leg"
    pose_ui_dodge_2_Keyframe_HumanoidRootPart_Torso_Left_Leg.CFrame = CFrame.new(-0.8744115829467773, 0.4513952434062958, 0.3890973627567291, 0.8195762038230896, -0.4773328900337219, 0.31693559885025024, 0.5438908934593201, 0.8221041560173035, -0.16830766201019287, -0.1802152842283249, 0.31031936407089233, 0.9333939552307129)
    pose_ui_dodge_2_Keyframe_HumanoidRootPart_Torso_Left_Leg.Weight = 1
    pose_ui_dodge_2_Keyframe_HumanoidRootPart.Parent = keyframe
    pose_ui_dodge_2_Keyframe_HumanoidRootPart_Torso.Parent = pose_ui_dodge_2_Keyframe_HumanoidRootPart
    pose_ui_dodge_2_Keyframe_HumanoidRootPart_Torso_Left_Leg.Parent = pose_ui_dodge_2_Keyframe_HumanoidRootPart_Torso
    keyframe.Parent = KeyframeSequence
end
do
    local keyframe = Instance.new("Keyframe")
    keyframe.Time = 0.20000000298023224
    local pose_ui_dodge_2_Keyframe_HumanoidRootPart = Instance.new("Pose")
    pose_ui_dodge_2_Keyframe_HumanoidRootPart.Name = "HumanoidRootPart"
    pose_ui_dodge_2_Keyframe_HumanoidRootPart.CFrame = CFrame.new(0, 0, 0, 1, 0, 0, 0, 1, 0, 0, 0, 1)
    pose_ui_dodge_2_Keyframe_HumanoidRootPart.Weight = 0
    local pose_ui_dodge_2_Keyframe_HumanoidRootPart_Torso = Instance.new("Pose")
    pose_ui_dodge_2_Keyframe_HumanoidRootPart_Torso.Name = "Torso"
    pose_ui_dodge_2_Keyframe_HumanoidRootPart_Torso.CFrame = CFrame.new(-0.6464472413063049, 4.6193599700927734e-07, -0.5127087831497192, 0.7219048142433167, -0.6919068098068237, -0.010884463787078857, 0.5842316150665283, 0.6178398728370667, -0.5262578725814819, 0.3708462417125702, 0.37354907393455505, 0.8502553701400757)
    pose_ui_dodge_2_Keyframe_HumanoidRootPart_Torso.Weight = 1
    local pose_ui_dodge_2_Keyframe_HumanoidRootPart_Torso_Left_Leg = Instance.new("Pose")
    pose_ui_dodge_2_Keyframe_HumanoidRootPart_Torso_Left_Leg.Name = "Left Leg"
    pose_ui_dodge_2_Keyframe_HumanoidRootPart_Torso_Left_Leg.CFrame = CFrame.new(-0.7647510766983032, 0.5011436939239502, 0.360153466463089, 0.8913973569869995, -0.3355652689933777, 0.3046419024467468, 0.41091394424438477, 0.8819564580917358, -0.23087331652641296, -0.19120784103870392, 0.33098146319389343, 0.9240621328353882)
    pose_ui_dodge_2_Keyframe_HumanoidRootPart_Torso_Left_Leg.Weight = 1
    local pose_ui_dodge_2_Keyframe_HumanoidRootPart_Torso_Right_Arm = Instance.new("Pose")
    pose_ui_dodge_2_Keyframe_HumanoidRootPart_Torso_Right_Arm.Name = "Right Arm"
    pose_ui_dodge_2_Keyframe_HumanoidRootPart_Torso_Right_Arm.CFrame = CFrame.new(-0.503289520740509, -0.25330501794815063, -0.24540024995803833, 0.5498501062393188, -0.24345579743385315, -0.7989957332611084, 0.7664221525192261, 0.5273431539535522, 0.36675116419792175, 0.33205723762512207, -0.8140261173248291, 0.47654956579208374)
    pose_ui_dodge_2_Keyframe_HumanoidRootPart_Torso_Right_Arm.Weight = 1
    local pose_ui_dodge_2_Keyframe_HumanoidRootPart_Torso_Right_Leg = Instance.new("Pose")
    pose_ui_dodge_2_Keyframe_HumanoidRootPart_Torso_Right_Leg.Name = "Right Leg"
    pose_ui_dodge_2_Keyframe_HumanoidRootPart_Torso_Right_Leg.CFrame = CFrame.new(0.2554088830947876, 0.2764514684677124, 0.0500965416431427, 0.6961914300918579, -0.6803725361824036, -0.22893410921096802, 0.6687089800834656, 0.7306363582611084, -0.1378362476825714, 0.2610475718975067, -0.057129859924316406, 0.9636339545249939)
    pose_ui_dodge_2_Keyframe_HumanoidRootPart_Torso_Right_Leg.Weight = 1
    pose_ui_dodge_2_Keyframe_HumanoidRootPart.Parent = keyframe
    pose_ui_dodge_2_Keyframe_HumanoidRootPart_Torso.Parent = pose_ui_dodge_2_Keyframe_HumanoidRootPart
    pose_ui_dodge_2_Keyframe_HumanoidRootPart_Torso_Left_Leg.Parent = pose_ui_dodge_2_Keyframe_HumanoidRootPart_Torso
    pose_ui_dodge_2_Keyframe_HumanoidRootPart_Torso_Right_Arm.Parent = pose_ui_dodge_2_Keyframe_HumanoidRootPart_Torso
    pose_ui_dodge_2_Keyframe_HumanoidRootPart_Torso_Right_Leg.Parent = pose_ui_dodge_2_Keyframe_HumanoidRootPart_Torso
    keyframe.Parent = KeyframeSequence
end
do
    local keyframe = Instance.new("Keyframe")
    keyframe.Time = 0.0833333358168602
    local pose_ui_dodge_2_Keyframe_HumanoidRootPart = Instance.new("Pose")
    pose_ui_dodge_2_Keyframe_HumanoidRootPart.Name = "HumanoidRootPart"
    pose_ui_dodge_2_Keyframe_HumanoidRootPart.CFrame = CFrame.new(0, 0, 0, 1, 0, 0, 0, 1, 0, 0, 0, 1)
    pose_ui_dodge_2_Keyframe_HumanoidRootPart.Weight = 0
    local pose_ui_dodge_2_Keyframe_HumanoidRootPart_Torso = Instance.new("Pose")
    pose_ui_dodge_2_Keyframe_HumanoidRootPart_Torso.Name = "Torso"
    pose_ui_dodge_2_Keyframe_HumanoidRootPart_Torso.CFrame = CFrame.new(-0.9890320301055908, -2.682209014892578e-07, -0.5150510668754578, 0.7006990909576416, -0.7076223492622375, -0.0910579264163971, 0.5800855755805969, 0.6393559575080872, -0.5047026872634888, 0.4153572618961334, 0.3008233308792114, 0.8584775924682617)
    pose_ui_dodge_2_Keyframe_HumanoidRootPart_Torso.Weight = 1
    local pose_ui_dodge_2_Keyframe_HumanoidRootPart_Torso_Right_Arm = Instance.new("Pose")
    pose_ui_dodge_2_Keyframe_HumanoidRootPart_Torso_Right_Arm.Name = "Right Arm"
    pose_ui_dodge_2_Keyframe_HumanoidRootPart_Torso_Right_Arm.CFrame = CFrame.new(-0.3444606363773346, -0.3970516324043274, -0.1332518458366394, 0.4753446578979492, -0.10594271868467331, -0.8733976483345032, 0.8762794137001038, 0.1457265168428421, 0.4592364728450775, 0.0786244124174118, -0.9836360216140747, 0.16210569441318512)
    pose_ui_dodge_2_Keyframe_HumanoidRootPart_Torso_Right_Arm.Weight = 1
    local pose_ui_dodge_2_Keyframe_HumanoidRootPart_Torso_Right_Leg = Instance.new("Pose")
    pose_ui_dodge_2_Keyframe_HumanoidRootPart_Torso_Right_Leg.Name = "Right Leg"
    pose_ui_dodge_2_Keyframe_HumanoidRootPart_Torso_Right_Leg.CFrame = CFrame.new(0.5079893469810486, 0.2672852575778961, 0.09530636668205261, 0.778206467628479, -0.6182866096496582, -0.11007485538721085, 0.6064469218254089, 0.7853884696960449, -0.12404388934373856, 0.16314619779586792, 0.02977720834314823, 0.9861525297164917)
    pose_ui_dodge_2_Keyframe_HumanoidRootPart_Torso_Right_Leg.Weight = 1
    local pose_ui_dodge_2_Keyframe_HumanoidRootPart_Torso_Left_Arm = Instance.new("Pose")
    pose_ui_dodge_2_Keyframe_HumanoidRootPart_Torso_Left_Arm.Name = "Left Arm"
    pose_ui_dodge_2_Keyframe_HumanoidRootPart_Torso_Left_Arm.CFrame = CFrame.new(0.08533525466918945, -0.1274837851524353, -0.09799094498157501, -0.3245410919189453, 0.06761983036994934, 0.9434516429901123, -0.7310138940811157, 0.6150380373001099, -0.2955453395843506, -0.600243330001831, -0.7855926752090454, -0.15017414093017578)
    pose_ui_dodge_2_Keyframe_HumanoidRootPart_Torso_Left_Arm.Weight = 1
    pose_ui_dodge_2_Keyframe_HumanoidRootPart.Parent = keyframe
    pose_ui_dodge_2_Keyframe_HumanoidRootPart_Torso.Parent = pose_ui_dodge_2_Keyframe_HumanoidRootPart
    pose_ui_dodge_2_Keyframe_HumanoidRootPart_Torso_Right_Arm.Parent = pose_ui_dodge_2_Keyframe_HumanoidRootPart_Torso
    pose_ui_dodge_2_Keyframe_HumanoidRootPart_Torso_Right_Leg.Parent = pose_ui_dodge_2_Keyframe_HumanoidRootPart_Torso
    pose_ui_dodge_2_Keyframe_HumanoidRootPart_Torso_Left_Arm.Parent = pose_ui_dodge_2_Keyframe_HumanoidRootPart_Torso
    keyframe.Parent = KeyframeSequence
end
do
    local keyframe = Instance.new("Keyframe")
    keyframe.Time = 0.11666666716337204
    local pose_ui_dodge_2_Keyframe_HumanoidRootPart = Instance.new("Pose")
    pose_ui_dodge_2_Keyframe_HumanoidRootPart.Name = "HumanoidRootPart"
    pose_ui_dodge_2_Keyframe_HumanoidRootPart.CFrame = CFrame.new(0, 0, 0, 1, 0, 0, 0, 1, 0, 0, 0, 1)
    pose_ui_dodge_2_Keyframe_HumanoidRootPart.Weight = 0
    local pose_ui_dodge_2_Keyframe_HumanoidRootPart_Torso = Instance.new("Pose")
    pose_ui_dodge_2_Keyframe_HumanoidRootPart_Torso.Name = "Torso"
    pose_ui_dodge_2_Keyframe_HumanoidRootPart_Torso.CFrame = CFrame.new(0, 0, 0, 1, 0, 0, 0, 1, 0, 0, 0, 1)
    pose_ui_dodge_2_Keyframe_HumanoidRootPart_Torso.Weight = 0
    local pose_ui_dodge_2_Keyframe_HumanoidRootPart_Torso_Right_Arm = Instance.new("Pose")
    pose_ui_dodge_2_Keyframe_HumanoidRootPart_Torso_Right_Arm.Name = "Right Arm"
    pose_ui_dodge_2_Keyframe_HumanoidRootPart_Torso_Right_Arm.CFrame = CFrame.new(-0.360970139503479, -0.3803167939186096, -0.12346798181533813, 0.4383823871612549, -0.1277543306350708, -0.8896627426147461, 0.8778001070022583, 0.27352088689804077, 0.39325979351997375, 0.1931006908416748, -0.9533442258834839, 0.23204946517944336)
    pose_ui_dodge_2_Keyframe_HumanoidRootPart_Torso_Right_Arm.Weight = 1
    pose_ui_dodge_2_Keyframe_HumanoidRootPart.Parent = keyframe
    pose_ui_dodge_2_Keyframe_HumanoidRootPart_Torso.Parent = pose_ui_dodge_2_Keyframe_HumanoidRootPart
    pose_ui_dodge_2_Keyframe_HumanoidRootPart_Torso_Right_Arm.Parent = pose_ui_dodge_2_Keyframe_HumanoidRootPart_Torso
    keyframe.Parent = KeyframeSequence
end
do
    local keyframe = Instance.new("Keyframe")
    keyframe.Time = 0.30000001192092896
    local pose_ui_dodge_2_Keyframe_HumanoidRootPart = Instance.new("Pose")
    pose_ui_dodge_2_Keyframe_HumanoidRootPart.Name = "HumanoidRootPart"
    pose_ui_dodge_2_Keyframe_HumanoidRootPart.CFrame = CFrame.new(0, 0, 0, 1, 0, 0, 0, 1, 0, 0, 0, 1)
    pose_ui_dodge_2_Keyframe_HumanoidRootPart.Weight = 0
    local pose_ui_dodge_2_Keyframe_HumanoidRootPart_Torso = Instance.new("Pose")
    pose_ui_dodge_2_Keyframe_HumanoidRootPart_Torso.Name = "Torso"
    pose_ui_dodge_2_Keyframe_HumanoidRootPart_Torso.CFrame = CFrame.new(-0.5583182573318481, 4.3213367462158203e-07, -0.46274709701538086, 0.7538293600082397, -0.6566446423530579, 0.023646950721740723, 0.5701714158058167, 0.635823667049408, -0.5202239155769348, 0.3265669047832489, 0.40564286708831787, 0.8537024855613708)
    pose_ui_dodge_2_Keyframe_HumanoidRootPart_Torso.Weight = 1
    local pose_ui_dodge_2_Keyframe_HumanoidRootPart_Torso_Right_Arm = Instance.new("Pose")
    pose_ui_dodge_2_Keyframe_HumanoidRootPart_Torso_Right_Arm.Name = "Right Arm"
    pose_ui_dodge_2_Keyframe_HumanoidRootPart_Torso_Right_Arm.CFrame = CFrame.new(-0.5742514133453369, -0.1922580897808075, -0.3249836564064026, 0.7334352135658264, -0.3260190784931183, -0.5964766144752502, 0.6465756893157959, 0.6054050326347351, 0.46413856744766235, 0.20979194343090057, -0.7260828614234924, 0.6548213958740234)
    pose_ui_dodge_2_Keyframe_HumanoidRootPart_Torso_Right_Arm.Weight = 1
    local pose_ui_dodge_2_Keyframe_HumanoidRootPart_Torso_Right_Leg = Instance.new("Pose")
    pose_ui_dodge_2_Keyframe_HumanoidRootPart_Torso_Right_Leg.Name = "Right Leg"
    pose_ui_dodge_2_Keyframe_HumanoidRootPart_Torso_Right_Leg.CFrame = CFrame.new(0.22896122932434082, 0.20384493470191956, 0.03019118309020996, 0.6780743598937988, -0.7095650434494019, -0.19165755808353424, 0.701146125793457, 0.7026897668838501, -0.12091812491416931, 0.22047509253025055, -0.052388470619916916, 0.9739847183227539)
    pose_ui_dodge_2_Keyframe_HumanoidRootPart_Torso_Right_Leg.Weight = 1
    local pose_ui_dodge_2_Keyframe_HumanoidRootPart_Torso_Left_Arm = Instance.new("Pose")
    pose_ui_dodge_2_Keyframe_HumanoidRootPart_Torso_Left_Arm.Name = "Left Arm"
    pose_ui_dodge_2_Keyframe_HumanoidRootPart_Torso_Left_Arm.CFrame = CFrame.new(0.19762906432151794, -0.06946426630020142, -0.2943192720413208, -0.3450101613998413, 0.3934827446937561, 0.8521380424499512, -0.771332323551178, 0.3984406590461731, -0.4962776303291321, -0.5348031520843506, -0.8285024762153625, 0.16603988409042358)
    pose_ui_dodge_2_Keyframe_HumanoidRootPart_Torso_Left_Arm.Weight = 1
    pose_ui_dodge_2_Keyframe_HumanoidRootPart.Parent = keyframe
    pose_ui_dodge_2_Keyframe_HumanoidRootPart_Torso.Parent = pose_ui_dodge_2_Keyframe_HumanoidRootPart
    pose_ui_dodge_2_Keyframe_HumanoidRootPart_Torso_Right_Arm.Parent = pose_ui_dodge_2_Keyframe_HumanoidRootPart_Torso
