local KeyframeSequence = Instance.new("KeyframeSequence")
do
    local keyframe = Instance.new("Keyframe")
    keyframe.Time = 0
    local pose_ui_dodge_4_Keyframe_HumanoidRootPart = Instance.new("Pose")
    pose_ui_dodge_4_Keyframe_HumanoidRootPart.Name = "HumanoidRootPart"
    pose_ui_dodge_4_Keyframe_HumanoidRootPart.CFrame = CFrame.new(0, 0, 0, 1, 0, 0, 0, 1, 0, 0, 0, 1)
    pose_ui_dodge_4_Keyframe_HumanoidRootPart.Weight = 0
    local pose_ui_dodge_4_Keyframe_HumanoidRootPart_Torso = Instance.new("Pose")
    pose_ui_dodge_4_Keyframe_HumanoidRootPart_Torso.Name = "Torso"
    pose_ui_dodge_4_Keyframe_HumanoidRootPart_Torso.CFrame = CFrame.new(0.11077096313238144, 0.008833140134811401, -0.16252443194389343, 0.9840028882026672, 0.15231049060821533, -0.09241126477718353, -0.1629153937101364, 0.9792154431343079, -0.1208123043179512, 0.07208956032991409, 0.1339348703622818, 0.988364577293396)
    pose_ui_dodge_4_Keyframe_HumanoidRootPart_Torso.Weight = 1
    local pose_ui_dodge_4_Keyframe_HumanoidRootPart_Torso_Head = Instance.new("Pose")
    pose_ui_dodge_4_Keyframe_HumanoidRootPart_Torso_Head.Name = "Head"
    pose_ui_dodge_4_Keyframe_HumanoidRootPart_Torso_Head.CFrame = CFrame.new(0, 2.9802322387695312e-08, 2.9802322387695312e-08, 1, -0, 0, 0, 0.8513407111167908, -0.5246132016181946, 0, 0.5246132016181946, 0.8513407111167908)
    pose_ui_dodge_4_Keyframe_HumanoidRootPart_Torso_Head.Weight = 1
    local pose_ui_dodge_4_Keyframe_HumanoidRootPart_Torso_Left_Leg = Instance.new("Pose")
    pose_ui_dodge_4_Keyframe_HumanoidRootPart_Torso_Left_Leg.Name = "Left Leg"
    pose_ui_dodge_4_Keyframe_HumanoidRootPart_Torso_Left_Leg.CFrame = CFrame.new(-0.34508174657821655, 0.28740882873535156, -0.04710441827774048, 0.9390316009521484, -0.3151654005050659, 0.1374431997537613, 0.32745131850242615, 0.9416481256484985, -0.07793937623500824, -0.10485932230949402, 0.11819345504045486, 0.987438440322876)
    pose_ui_dodge_4_Keyframe_HumanoidRootPart_Torso_Left_Leg.Weight = 1
    local pose_ui_dodge_4_Keyframe_HumanoidRootPart_Torso_Right_Arm = Instance.new("Pose")
    pose_ui_dodge_4_Keyframe_HumanoidRootPart_Torso_Right_Arm.Name = "Right Arm"
    pose_ui_dodge_4_Keyframe_HumanoidRootPart_Torso_Right_Arm.CFrame = CFrame.new(-1.4901161193847656e-08, 0, 0, 0.9486119747161865, 0, 0.3164416253566742, -0.0440632700920105, 0.9902577996253967, 0.13209053874015808, -0.31335878372192383, -0.1392461210489273, 0.9393703937530518)
    pose_ui_dodge_4_Keyframe_HumanoidRootPart_Torso_Right_Arm.Weight = 1
    local pose_ui_dodge_4_Keyframe_HumanoidRootPart_Torso_Right_Leg = Instance.new("Pose")
    pose_ui_dodge_4_Keyframe_HumanoidRootPart_Torso_Right_Leg.Name = "Right Leg"
    pose_ui_dodge_4_Keyframe_HumanoidRootPart_Torso_Right_Leg.CFrame = CFrame.new(0.011252373456954956, -0.07313263416290283, -0.00936901569366455, 0.9489246010780334, -0.15086713433265686, -0.27709439396858215, 0.10802482813596725, 0.9805395603179932, -0.16392895579338074, 0.2964335083961487, 0.12562313675880432, 0.9467554092407227)
    pose_ui_dodge_4_Keyframe_HumanoidRootPart_Torso_Right_Leg.Weight = 1
    local pose_ui_dodge_4_Keyframe_HumanoidRootPart_Torso_Left_Arm = Instance.new("Pose")
    pose_ui_dodge_4_Keyframe_HumanoidRootPart_Torso_Left_Arm.Name = "Left Arm"
    pose_ui_dodge_4_Keyframe_HumanoidRootPart_Torso_Left_Arm.CFrame = CFrame.new(0.21300125122070312, -0.06993180513381958, 0.011783897876739502, 0.9487937688827515, 0.31589606404304504, 0, -0.3115045726299286, 0.93560391664505, 0.1661631166934967, 0.05249027535319328, -0.1576545238494873, 0.9860982894897461)
    pose_ui_dodge_4_Keyframe_HumanoidRootPart_Torso_Left_Arm.Weight = 1
    pose_ui_dodge_4_Keyframe_HumanoidRootPart.Parent = keyframe
    pose_ui_dodge_4_Keyframe_HumanoidRootPart_Torso.Parent = pose_ui_dodge_4_Keyframe_HumanoidRootPart
    pose_ui_dodge_4_Keyframe_HumanoidRootPart_Torso_Head.Parent = pose_ui_dodge_4_Keyframe_HumanoidRootPart_Torso
    pose_ui_dodge_4_Keyframe_HumanoidRootPart_Torso_Left_Leg.Parent = pose_ui_dodge_4_Keyframe_HumanoidRootPart_Torso
    pose_ui_dodge_4_Keyframe_HumanoidRootPart_Torso_Right_Arm.Parent = pose_ui_dodge_4_Keyframe_HumanoidRootPart_Torso
    pose_ui_dodge_4_Keyframe_HumanoidRootPart_Torso_Right_Leg.Parent = pose_ui_dodge_4_Keyframe_HumanoidRootPart_Torso
    pose_ui_dodge_4_Keyframe_HumanoidRootPart_Torso_Left_Arm.Parent = pose_ui_dodge_4_Keyframe_HumanoidRootPart_Torso
    keyframe.Parent = KeyframeSequence
end
do
    local keyframe = Instance.new("Keyframe")
    keyframe.Time = 0.03333333507180214
    local pose_ui_dodge_4_Keyframe_HumanoidRootPart = Instance.new("Pose")
    pose_ui_dodge_4_Keyframe_HumanoidRootPart.Name = "HumanoidRootPart"
    pose_ui_dodge_4_Keyframe_HumanoidRootPart.CFrame = CFrame.new(0, 0, 0, 1, 0, 0, 0, 1, 0, 0, 0, 1)
    pose_ui_dodge_4_Keyframe_HumanoidRootPart.Weight = 0
    local pose_ui_dodge_4_Keyframe_HumanoidRootPart_Torso = Instance.new("Pose")
    pose_ui_dodge_4_Keyframe_HumanoidRootPart_Torso.Name = "Torso"
    pose_ui_dodge_4_Keyframe_HumanoidRootPart_Torso.CFrame = CFrame.new(-1.19637930393219, -2.980232238769531e-07, -0.49737128615379333, -0.2295106202363968, -0.9152783751487732, -0.33104443550109863, 0.9343079328536987, -0.30249330401420593, 0.18859082460403442, -0.2727518379688263, -0.26601383090019226, 0.9245772361755371)
    pose_ui_dodge_4_Keyframe_HumanoidRootPart_Torso.Weight = 1
    local pose_ui_dodge_4_Keyframe_HumanoidRootPart_Torso_Head = Instance.new("Pose")
    pose_ui_dodge_4_Keyframe_HumanoidRootPart_Torso_Head.Name = "Head"
    pose_ui_dodge_4_Keyframe_HumanoidRootPart_Torso_Head.CFrame = CFrame.new(5.960464477539063e-08, 0, -1.7881393432617188e-07, 0.6789049506187439, 0.46156045794487, -0.5710078477859497, -0.6598019599914551, 0.7246964573860168, -0.19868655502796173, 0.32210156321525574, 0.5116413831710815, 0.7965384721755981)
    pose_ui_dodge_4_Keyframe_HumanoidRootPart_Torso_Head.Weight = 1
    local pose_ui_dodge_4_Keyframe_HumanoidRootPart_Torso_Left_Leg = Instance.new("Pose")
    pose_ui_dodge_4_Keyframe_HumanoidRootPart_Torso_Left_Leg.Name = "Left Leg"
    pose_ui_dodge_4_Keyframe_HumanoidRootPart_Torso_Left_Leg.CFrame = CFrame.new(-0.5280389785766602, 0.29317301511764526, -0.16836562752723694, 0.934708297252655, 0.0400582030415535, -0.35315078496932983, 0.02450069785118103, 0.9840021729469299, 0.17646406590938568, 0.35457003116607666, -0.1735948622226715, 0.9187737107276917)
    pose_ui_dodge_4_Keyframe_HumanoidRootPart_Torso_Left_Leg.Weight = 1
    local pose_ui_dodge_4_Keyframe_HumanoidRootPart_Torso_Right_Arm = Instance.new("Pose")
    pose_ui_dodge_4_Keyframe_HumanoidRootPart_Torso_Right_Arm.Name = "Right Arm"
    pose_ui_dodge_4_Keyframe_HumanoidRootPart_Torso_Right_Arm.CFrame = CFrame.new(-0.3631475269794464, -0.23548316955566406, -0.28512176871299744, 0.685301661491394, 0.02711610496044159, -0.7277542352676392, 0.0912032350897789, 0.9882435202598572, 0.12270483374595642, 0.7225257754325867, -0.15046341717243195, 0.6747720241546631)
    pose_ui_dodge_4_Keyframe_HumanoidRootPart_Torso_Right_Arm.Weight = 1
    local pose_ui_dodge_4_Keyframe_HumanoidRootPart_Torso_Right_Leg = Instance.new("Pose")
    pose_ui_dodge_4_Keyframe_HumanoidRootPart_Torso_Right_Leg.Name = "Right Leg"
    pose_ui_dodge_4_Keyframe_HumanoidRootPart_Torso_Right_Leg.CFrame = CFrame.new(0.06857922673225403, -0.13509857654571533, 0.13040298223495483, 0.7407290935516357, 0.554640531539917, -0.37907034158706665, -0.6483590602874756, 0.7379685044288635, -0.18717104196548462, 0.17592936754226685, 0.3844168186187744, 0.9062409996986389)
    pose_ui_dodge_4_Keyframe_HumanoidRootPart_Torso_Right_Leg.Weight = 1
    local pose_ui_dodge_4_Keyframe_HumanoidRootPart_Torso_Left_Arm = Instance.new("Pose")
    pose_ui_dodge_4_Keyframe_HumanoidRootPart_Torso_Left_Arm.Name = "Left Arm"
    pose_ui_dodge_4_Keyframe_HumanoidRootPart_Torso_Left_Arm.CFrame = CFrame.new(0.06285130977630615, -0.03223086893558502, -0.034223735332489014, 0.4512633681297302, 0.8516793251037598, -0.2664646804332733, -0.683425784111023, 0.5218359231948853, 0.5105060935020447, 0.573838472366333, -0.048263922333717346, 0.8175451159477234)
    pose_ui_dodge_4_Keyframe_HumanoidRootPart_Torso_Left_Arm.Weight = 1
    pose_ui_dodge_4_Keyframe_HumanoidRootPart.Parent = keyframe
    pose_ui_dodge_4_Keyframe_HumanoidRootPart_Torso.Parent = pose_ui_dodge_4_Keyframe_HumanoidRootPart
    pose_ui_dodge_4_Keyframe_HumanoidRootPart_Torso_Head.Parent = pose_ui_dodge_4_Keyframe_HumanoidRootPart_Torso
    pose_ui_dodge_4_Keyframe_HumanoidRootPart_Torso_Left_Leg.Parent = pose_ui_dodge_4_Keyframe_HumanoidRootPart_Torso
    pose_ui_dodge_4_Keyframe_HumanoidRootPart_Torso_Right_Arm.Parent = pose_ui_dodge_4_Keyframe_HumanoidRootPart_Torso
    pose_ui_dodge_4_Keyframe_HumanoidRootPart_Torso_Right_Leg.Parent = pose_ui_dodge_4_Keyframe_HumanoidRootPart_Torso
    pose_ui_dodge_4_Keyframe_HumanoidRootPart_Torso_Left_Arm.Parent = pose_ui_dodge_4_Keyframe_HumanoidRootPart_Torso
    keyframe.Parent = KeyframeSequence
end
do
    local keyframe = Instance.new("Keyframe")
    keyframe.Time = 0.06666667014360428
    local pose_ui_dodge_4_Keyframe_HumanoidRootPart = Instance.new("Pose")
    pose_ui_dodge_4_Keyframe_HumanoidRootPart.Name = "HumanoidRootPart"
    pose_ui_dodge_4_Keyframe_HumanoidRootPart.CFrame = CFrame.new(0, 0, 0, 1, 0, 0, 0, 1, 0, 0, 0, 1)
    pose_ui_dodge_4_Keyframe_HumanoidRootPart.Weight = 0
    local pose_ui_dodge_4_Keyframe_HumanoidRootPart_Torso = Instance.new("Pose")
    pose_ui_dodge_4_Keyframe_HumanoidRootPart_Torso.Name = "Torso"
    pose_ui_dodge_4_Keyframe_HumanoidRootPart_Torso.CFrame = CFrame.new(-1.4225047826766968, -0.0000010132789611816406, -0.5523300170898438, -0.38591867685317993, -0.8056433796882629, -0.44945019483566284, 0.860312819480896, -0.49018001556396484, 0.13994751870632172, -0.33305928111076355, -0.3326593339443207, 0.8822750449180603)
    pose_ui_dodge_4_Keyframe_HumanoidRootPart_Torso.Weight = 1
    local pose_ui_dodge_4_Keyframe_HumanoidRootPart_Torso_Head = Instance.new("Pose")
    pose_ui_dodge_4_Keyframe_HumanoidRootPart_Torso_Head.Name = "Head"
    pose_ui_dodge_4_Keyframe_HumanoidRootPart_Torso_Head.CFrame = CFrame.new(1.7881393432617188e-07, -4.0978193283081055e-08, -3.5762786865234375e-07, 0.6789049506187439, 0.5264531970024109, -0.5117958784103394, -0.6598019599914551, 0.7432388067245483, -0.11071275174617767, 0.32210156321525574, 0.4128473401069641, 0.8519433736801147)
    pose_ui_dodge_4_Keyframe_HumanoidRootPart_Torso_Head.Weight = 1
    local pose_ui_dodge_4_Keyframe_HumanoidRootPart_Torso_Left_Leg = Instance.new("Pose")
    pose_ui_dodge_4_Keyframe_HumanoidRootPart_Torso_Left_Leg.Name = "Left Leg"
    pose_ui_dodge_4_Keyframe_HumanoidRootPart_Torso_Left_Leg.CFrame = CFrame.new(-0.544613778591156, 0.11554223299026489, -0.15174037218093872, 0.8639965057373047, 0.03563245013356209, -0.5022351741790771, 0.002008855575695634, 0.9972409009933472, 0.07420794665813446, 0.50349360704422, -0.06512429565191269, 0.861541211605072)
    pose_ui_dodge_4_Keyframe_HumanoidRootPart_Torso_Left_Leg.Weight = 1
    local pose_ui_dodge_4_Keyframe_HumanoidRootPart_Torso_Right_Leg = Instance.new("Pose")
    pose_ui_dodge_4_Keyframe_HumanoidRootPart_Torso_Right_Leg.Name = "Right Leg"
    pose_ui_dodge_4_Keyframe_HumanoidRootPart_Torso_Right_Leg.CFrame = CFrame.new(0.0578191876411438, -0.22996795177459717, 0.10630840063095093, 0.5737305879592896, 0.650597333908081, -0.4975503385066986, -0.7792702317237854, 0.6206091642379761, -0.08707517385482788, 0.25213348865509033, 0.43768399953842163, 0.8630536198616028)
    pose_ui_dodge_4_Keyframe_HumanoidRootPart_Torso_Right_Leg.Weight = 1
    local pose_ui_dodge_4_Keyframe_HumanoidRootPart_Torso_Left_Arm = Instance.new("Pose")
    pose_ui_dodge_4_Keyframe_HumanoidRootPart_Torso_Left_Arm.Name = "Left Arm"
    pose_ui_dodge_4_Keyframe_HumanoidRootPart_Torso_Left_Arm.CFrame = CFrame.new(0.28571605682373047, -0.014586225152015686, -0.039700865745544434, 0.8528997898101807, 0.4715597927570343, 0.2240372598171234, -0.5106773376464844, 0.6643843054771423, 0.5457126498222351, 0.10848931968212128, -0.5798492431640625, 0.8074678778648376)
    pose_ui_dodge_4_Keyframe_HumanoidRootPart_Torso_Left_Arm.Weight = 1
    pose_ui_dodge_4_Keyframe_HumanoidRootPart.Parent = keyframe
    pose_ui_dodge_4_Keyframe_HumanoidRootPart_Torso.Parent = pose_ui_dodge_4_Keyframe_HumanoidRootPart
    pose_ui_dodge_4_Keyframe_HumanoidRootPart_Torso_Head.Parent = pose_ui_dodge_4_Keyframe_HumanoidRootPart_Torso
    pose_ui_dodge_4_Keyframe_HumanoidRootPart_Torso_Left_Leg.Parent = pose_ui_dodge_4_Keyframe_HumanoidRootPart_Torso
    pose_ui_dodge_4_Keyframe_HumanoidRootPart_Torso_Right_Leg.Parent = pose_ui_dodge_4_Keyframe_HumanoidRootPart_Torso
    pose_ui_dodge_4_Keyframe_HumanoidRootPart_Torso_Left_Arm.Parent = pose_ui_dodge_4_Keyframe_HumanoidRootPart_Torso
    keyframe.Parent = KeyframeSequence
end
do
    local keyframe = Instance.new("Keyframe")
    keyframe.Time = 0.11666666716337204
    local pose_ui_dodge_4_Keyframe_HumanoidRootPart = Instance.new("Pose")
    pose_ui_dodge_4_Keyframe_HumanoidRootPart.Name = "HumanoidRootPart"
    pose_ui_dodge_4_Keyframe_HumanoidRootPart.CFrame = CFrame.new(0, 0, 0, 1, 0, 0, 0, 1, 0, 0, 0, 1)
    pose_ui_dodge_4_Keyframe_HumanoidRootPart.Weight = 0
    local pose_ui_dodge_4_Keyframe_HumanoidRootPart_Torso = Instance.new("Pose")
    pose_ui_dodge_4_Keyframe_HumanoidRootPart_Torso.Name = "Torso"
    pose_ui_dodge_4_Keyframe_HumanoidRootPart_Torso.CFrame = CFrame.new(-1.346510648727417, -5.960464477539063e-08, -0.564554750919342, -0.4379490613937378, -0.7478334903717041, -0.4989449977874756, 0.8135417699813843, -0.5658506155014038, 0.13402728736400604, -0.38255828619003296, -0.347215473651886, 0.8562071323394775)
    pose_ui_dodge_4_Keyframe_HumanoidRootPart_Torso.Weight = 1
    local pose_ui_dodge_4_Keyframe_HumanoidRootPart_Torso_Head = Instance.new("Pose")
    pose_ui_dodge_4_Keyframe_HumanoidRootPart_Torso_Head.Name = "Head"
    pose_ui_dodge_4_Keyframe_HumanoidRootPart_Torso_Head.CFrame = CFrame.new(0, -3.306195139884949e-08, -5.960464477539063e-08, 0.6464733481407166, 0.5633346438407898, -0.5145155787467957, -0.6621493697166443, 0.7492822408676147, -0.01159396767616272, 0.37898606061935425, 0.3481813371181488, 0.8574026823043823)
    pose_ui_dodge_4_Keyframe_HumanoidRootPart_Torso_Head.Weight = 1
    local pose_ui_dodge_4_Keyframe_HumanoidRootPart_Torso_Left_Leg = Instance.new("Pose")
    pose_ui_dodge_4_Keyframe_HumanoidRootPart_Torso_Left_Leg.Name = "Left Leg"
    pose_ui_dodge_4_Keyframe_HumanoidRootPart_Torso_Left_Leg.CFrame = CFrame.new(-0.58797687292099, 0.14973723888397217, -0.17892295122146606, 0.8670603036880493, -0.07063357532024384, -0.49317073822021484, 0.11458936333656311, 0.9916331768035889, 0.059438444674015045, 0.4848461151123047, -0.10804883390665054, 0.8678995966911316)
    pose_ui_dodge_4_Keyframe_HumanoidRootPart_Torso_Left_Leg.Weight = 1
    local pose_ui_dodge_4_Keyframe_HumanoidRootPart_Torso_Right_Arm = Instance.new("Pose")
    pose_ui_dodge_4_Keyframe_HumanoidRootPart_Torso_Right_Arm.Name = "Right Arm"
    pose_ui_dodge_4_Keyframe_HumanoidRootPart_Torso_Right_Arm.CFrame = CFrame.new(-0.5520154237747192, -0.24138417840003967, -0.29051652550697327, 0.6562131643295288, 0.15905454754829407, -0.7376217842102051, -0.1028319001197815, 0.9872624278068542, 0.12140224128961563, 0.7475358247756958, -0.003814704716205597, 0.6642105579376221)
    pose_ui_dodge_4_Keyframe_HumanoidRootPart_Torso_Right_Arm.Weight = 1
    local pose_ui_dodge_4_Keyframe_HumanoidRootPart_Torso_Right_Leg = Instance.new("Pose")
    pose_ui_dodge_4_Keyframe_HumanoidRootPart_Torso_Right_Leg.Name = "Right Leg"
    pose_ui_dodge_4_Keyframe_HumanoidRootPart_Torso_Right_Leg.CFrame = CFrame.new(-0.16109171509742737, -0.11537939310073853, -0.007804214954376221, 0.5446369647979736, 0.6174936890602112, -0.5675140619277954, -0.7679463028907776, 0.6391663551330566, -0.041533395648002625, 0.33708932995796204, 0.458440899848938, 0.822315514087677)
    pose_ui_dodge_4_Keyframe_HumanoidRootPart_Torso_Right_Leg.Weight = 1
    local pose_ui_dodge_4_Keyframe_HumanoidRootPart_Torso_Left_Arm = Instance.new("Pose")
    pose_ui_dodge_4_Keyframe_HumanoidRootPart_Torso_Left_Arm.Name = "Left Arm"
    pose_ui_dodge_4_Keyframe_HumanoidRootPart_Torso_Left_Arm.CFrame = CFrame.new(0.33717989921569824, 0.03485633432865143, -0.07018053531646729, 0.9732857346534729, 0.21855519711971283, 0.07034555822610855, -0.22172226011753082, 0.8151450753211975, 0.535142719745636, 0.05961640924215317, -0.5364440083503723, 0.8418276309967041)
    pose_ui_dodge_4_Keyframe_HumanoidRootPart_Torso_Left_Arm.Weight = 1
    pose_ui_dodge_4_Keyframe_HumanoidRootPart.Parent = keyframe
    pose_ui_dodge_4_Keyframe_HumanoidRootPart_Torso.Parent = pose_ui_dodge_4_Keyframe_HumanoidRootPart
    pose_ui_dodge_4_Keyframe_HumanoidRootPart_Torso_Head.Parent = pose_ui_dodge_4_Keyframe_HumanoidRootPart_Torso
    pose_ui_dodge_4_Keyframe_HumanoidRootPart_Torso_Left_Leg.Parent = pose_ui_dodge_4_Keyframe_HumanoidRootPart_Torso
    pose_ui_dodge_4_Keyframe_HumanoidRootPart_Torso_Right_Arm.Parent = pose_ui_dodge_4_Keyframe_HumanoidRootPart_Torso
    pose_ui_dodge_4_Keyframe_HumanoidRootPart_Torso_Right_Leg.Parent = pose_ui_dodge_4_Keyframe_HumanoidRootPart_Torso
    pose_ui_dodge_4_Keyframe_HumanoidRootPart_Torso_Left_Arm.Parent = pose_ui_dodge_4_Keyframe_HumanoidRootPart_Torso
    keyframe.Parent = KeyframeSequence
end
do
    local keyframe = Instance.new("Keyframe")
    keyframe.Time = 0.15000000596046448
    local pose_ui_dodge_4_Keyframe_HumanoidRootPart = Instance.new("Pose")
    pose_ui_dodge_4_Keyframe_HumanoidRootPart.Name = "HumanoidRootPart"
    pose_ui_dodge_4_Keyframe_HumanoidRootPart.CFrame = CFrame.new(0, 0, 0, 1, 0, 0, 0, 1, 0, 0, 0, 1)
    pose_ui_dodge_4_Keyframe_HumanoidRootPart.Weight = 0
    local pose_ui_dodge_4_Keyframe_HumanoidRootPart_Torso = Instance.new("Pose")
    pose_ui_dodge_4_Keyframe_HumanoidRootPart_Torso.Name = "Torso"
    pose_ui_dodge_4_Keyframe_HumanoidRootPart_Torso.CFrame = CFrame.new(-1.3037989139556885, 4.76837158203125e-07, -0.5665079355239868, -0.4379650354385376, -0.7466478943824768, -0.500702977180481, 0.8104848265647888, -0.5689201354980469, 0.13944211602210999, -0.3889741897583008, -0.3447414040565491, 0.8543140292167664)
    pose_ui_dodge_4_Keyframe_HumanoidRootPart_Torso.Weight = 1
    local pose_ui_dodge_4_Keyframe_HumanoidRootPart_Torso_Head = Instance.new("Pose")
    pose_ui_dodge_4_Keyframe_HumanoidRootPart_Torso_Head.Name = "Head"
    pose_ui_dodge_4_Keyframe_HumanoidRootPart_Torso_Head.CFrame = CFrame.new(0, -1.1175870895385742e-08, 0, 0.6244794130325317, 0.5848780274391174, -0.5176323056221008, -0.675538957118988, 0.7371072769165039, 0.017884686589241028, 0.3920109272003174, 0.3385121822357178, 0.8554162383079529)
    pose_ui_dodge_4_Keyframe_HumanoidRootPart_Torso_Head.Weight = 1
    local pose_ui_dodge_4_Keyframe_HumanoidRootPart_Torso_Left_Leg = Instance.new("Pose")
    pose_ui_dodge_4_Keyframe_HumanoidRootPart_Torso_Left_Leg.Name = "Left Leg"
    pose_ui_dodge_4_Keyframe_HumanoidRootPart_Torso_Left_Leg.CFrame = CFrame.new(-0.6069575548171997, 0.17309755086898804, -0.18842923641204834, 0.873439371585846, -0.09634318947792053, -0.47730666399002075, 0.145114928483963, 0.9871917366981506, 0.06628842651844025, 0.4648067355155945, -0.12716324627399445, 0.8762329816818237)
    pose_ui_dodge_4_Keyframe_HumanoidRootPart_Torso_Left_Leg.Weight = 1
    local pose_ui_dodge_4_Keyframe_HumanoidRootPart_Torso_Right_Arm = Instance.new("Pose")
    pose_ui_dodge_4_Keyframe_HumanoidRootPart_Torso_Right_Arm.Name = "Right Arm"
    pose_ui_dodge_4_Keyframe_HumanoidRootPart_Torso_Right_Arm.CFrame = CFrame.new(-0.5722953677177429, -0.23851710557937622, -0.279535174369812, 0.6726570129394531, 0.1628996580839157, -0.7218007445335388, -0.13203592598438263, 0.9862352013587952, 0.09953229129314423, 0.7280790209770203, 0.028352532535791397, 0.6849066019058228)
    pose_ui_dodge_4_Keyframe_HumanoidRootPart_Torso_Right_Arm.Weight = 1
    local pose_ui_dodge_4_Keyframe_HumanoidRootPart_Torso_Right_Leg = Instance.new("Pose")
    pose_ui_dodge_4_Keyframe_HumanoidRootPart_Torso_Right_Leg.Name = "Right Leg"
    pose_ui_dodge_4_Keyframe_HumanoidRootPart_Torso_Right_Leg.CFrame = CFrame.new(-0.22833344340324402, -0.07027745246887207, -0.04139584302902222, 0.5511853694915771, 0.5979976654052734, -0.5818877816200256, -0.7530412673950195, 0.656859815120697, -0.038262829184532166, 0.35933762788772583, 0.45927542448043823, 0.8123684525489807)
    pose_ui_dodge_4_Keyframe_HumanoidRootPart_Torso_Right_Leg.Weight = 1
    local pose_ui_dodge_4_Keyframe_HumanoidRootPart_Torso_Left_Arm = Instance.new("Pose")
    pose_ui_dodge_4_Keyframe_HumanoidRootPart_Torso_Left_Arm.Name = "Left Arm"
    pose_ui_dodge_4_Keyframe_HumanoidRootPart_Torso_Left_Arm.CFrame = CFrame.new(0.2879544198513031, 0.07590276747941971, -0.08832824230194092, 0.9995570778846741, 0.01963190734386444, 0.022366032004356384, -0.028135735541582108, 0.8682838678359985, 0.49526914954185486, -0.00969698652625084, -0.4956790506839752, 0.8684516549110413)
    pose_ui_dodge_4_Keyframe_HumanoidRootPart_Torso_Left_Arm.Weight = 1
    pose_ui_dodge_4_Keyframe_HumanoidRootPart.Parent = keyframe
    pose_ui_dodge_4_Keyframe_HumanoidRootPart_Torso.Parent = pose_ui_dodge_4_Keyframe_HumanoidRootPart
    pose_ui_dodge_4_Keyframe_HumanoidRootPart_Torso_Head.Parent = pose_ui_dodge_4_Keyframe_HumanoidRootPart_Torso
    pose_ui_dodge_4_Keyframe_HumanoidRootPart_Torso_Left_Leg.Parent = pose_ui_dodge_4_Keyframe_HumanoidRootPart_Torso
    pose_ui_dodge_4_Keyframe_HumanoidRootPart_Torso_Right_Arm.Parent = pose_ui_dodge_4_Keyframe_HumanoidRootPart_Torso
    pose_ui_dodge_4_Keyframe_HumanoidRootPart_Torso_Right_Leg.Parent = pose_ui_dodge_4_Keyframe_HumanoidRootPart_Torso
    pose_ui_dodge_4_Keyframe_HumanoidRootPart_Torso_Left_Arm.Parent = pose_ui_dodge_4_Keyframe_HumanoidRootPart_Torso
    keyframe.Parent = KeyframeSequence
end
do
    local keyframe = Instance.new("Keyframe")
    keyframe.Time = 0.2666666805744171
    local pose_ui_dodge_4_Keyframe_HumanoidRootPart = Instance.new("Pose")
    pose_ui_dodge_4_Keyframe_HumanoidRootPart.Name = "HumanoidRootPart"
    pose_ui_dodge_4_Keyframe_HumanoidRootPart.CFrame = CFrame.new(0, 0, 0, 1, 0, 0, 0, 1, 0, 0, 0, 1)
    pose_ui_dodge_4_Keyframe_HumanoidRootPart.Weight = 0
    local pose_ui_dodge_4_Keyframe_HumanoidRootPart_Torso = Instance.new("Pose")
    pose_ui_dodge_4_Keyframe_HumanoidRootPart_Torso.Name = "Torso"
    pose_ui_dodge_4_Keyframe_HumanoidRootPart_Torso.CFrame = CFrame.new(-1.179260015487671, 6.556510925292969e-07, -0.5513094663619995, -0.3102583885192871, -0.8671162724494934, -0.38967859745025635, 0.8950435519218445, -0.40457987785339355, 0.18764960765838623, -0.320370078086853, -0.29055944085121155, 0.9016308784484863)
    pose_ui_dodge_4_Keyframe_HumanoidRootPart_Torso.Weight = 1
    local pose_ui_dodge_4_Keyframe_HumanoidRootPart_Torso_Head = Instance.new("Pose")
    pose_ui_dodge_4_Keyframe_HumanoidRootPart_Torso_Head.Name = "Head"
    pose_ui_dodge_4_Keyframe_HumanoidRootPart_Torso_Head.CFrame = CFrame.new(2.9802322387695312e-08, -1.0637540981406346e-07, 0, 0.5630329251289368, 0.6293739080429077, -0.5356141328811646, -0.7452883720397949, 0.6667423248291016, 0.000015541911125183105, 0.3571264445781708, 0.3991782069206238, 0.8444628715515137)
    pose_ui_dodge_4_Keyframe_HumanoidRootPart_Torso_Head.Weight = 1
    local pose_ui_dodge_4_Keyframe_HumanoidRootPart_Torso_Left_Leg = Instance.new("Pose")
    pose_ui_dodge_4_Keyframe_HumanoidRootPart_Torso_Left_Leg.Name = "Left Leg"
    pose_ui_dodge_4_Keyframe_HumanoidRootPart_Torso_Left_Leg.CFrame = CFrame.new(-0.6393980979919434, 0.2588258981704712, -0.19162017107009888, 0.9237275123596191, -0.029278885573148727, -0.38192957639694214, 0.09131842851638794, 0.9851587414741516, 0.1453382968902588, 0.3720059394836426, -0.16913020610809326, 0.9126919507980347)
    pose_ui_dodge_4_Keyframe_HumanoidRootPart_Torso_Left_Leg.Weight = 1
    local pose_ui_dodge_4_Keyframe_HumanoidRootPart_Torso_Right_Arm = Instance.new("Pose")
    pose_ui_dodge_4_Keyframe_HumanoidRootPart_Torso_Right_Arm.Name = "Right Arm"
    pose_ui_dodge_4_Keyframe_HumanoidRootPart_Torso_Right_Arm.CFrame = CFrame.new(-0.4804513156414032, -0.21726763248443604, -0.21621820330619812, 0.7908709049224854, 0.04973142221570015, -0.6099591255187988, -0.07114745676517487, 0.9974059462547302, -0.010928669944405556, 0.6078333854675293, 0.05204020440578461, 0.7923575639724731)
    pose_ui_dodge_4_Keyframe_HumanoidRootPart_Torso_Right_Arm.Weight = 1
    local pose_ui_dodge_4_Keyframe_HumanoidRootPart_Torso_Right_Leg = Instance.new("Pose")
    pose_ui_dodge_4_Keyframe_HumanoidRootPart_Torso_Right_Leg.Name = "Right Leg"
    pose_ui_dodge_4_Keyframe_HumanoidRootPart_Torso_Right_Leg.CFrame = CFrame.new(-0.17142584919929504, 0.015192627906799316, 0.0037387609481811523, 0.7063003778457642, 0.5162670612335205, -0.4843636155128479, -0.6415027379989624, 0.7561053037643433, -0.1295335292816162, 0.29935604333877563, 0.40221017599105835, 0.8652242422103882)
    pose_ui_dodge_4_Keyframe_HumanoidRootPart_Torso_Right_Leg.Weight = 1
    local pose_ui_dodge_4_Keyframe_HumanoidRootPart_Torso_Left_Arm = Instance.new("Pose")
    pose_ui_dodge_4_Keyframe_HumanoidRootPart_Torso_Left_Arm.Name = "Left Arm"
    pose_ui_dodge_4_Keyframe_HumanoidRootPart_Torso_Left_Arm.CFrame = CFrame.new(0.29961109161376953, 0.10211576521396637, -0.10157126188278198, 0.9965196847915649, -0.08203119039535522, 0.014810694381594658, 0.07085084915161133, 0.927136242389679, 0.36796537041664124, -0.043916165828704834, -0.36563536524772644, 0.9297215342521667)
    pose_ui_dodge_4_Keyframe_HumanoidRootPart_Torso_Left_Arm.Weight = 1
    pose_ui_dodge_4_Keyframe_HumanoidRootPart.Parent = keyframe
    pose_ui_dodge_4_Keyframe_HumanoidRootPart_Torso.Parent = pose_ui_dodge_4_Keyframe_HumanoidRootPart
    pose_ui_dodge_4_Keyframe_HumanoidRootPart_Torso_Head.Parent = pose_ui_dodge_4_Keyframe_HumanoidRootPart_Torso
    pose_ui_dodge_4_Keyframe_HumanoidRootPart_Torso_Left_Leg.Parent = pose_ui_dodge_4_Keyframe_HumanoidRootPart_Torso
    pose_ui_dodge_4_Keyframe_HumanoidRootPart_Torso_Right_Arm.Parent = pose_ui_dodge_4_Keyframe_HumanoidRootPart_Torso
    pose_ui_dodge_4_Keyframe_HumanoidRootPart_Torso_Right_Leg.Parent = pose_ui_dodge_4_Keyframe_HumanoidRootPart_Torso
    pose_ui_dodge_4_Keyframe_HumanoidRootPart_Torso_Left_Arm.Parent = pose_ui_dodge_4_Keyframe_HumanoidRootPart_Torso
    keyframe.Parent = KeyframeSequence
end
do
    local keyframe = Instance.new("Keyframe")
    keyframe.Time = 0.30000001192092896
    local pose_ui_dodge_4_Keyframe_HumanoidRootPart = Instance.new("Pose")
    pose_ui_dodge_4_Keyframe_HumanoidRootPart.Name = "HumanoidRootPart"
    pose_ui_dodge_4_Keyframe_HumanoidRootPart.CFrame = CFrame.new(0, 0, 0, 1, 0, 0, 0, 1, 0, 0, 0, 1)
    pose_ui_dodge_4_Keyframe_HumanoidRootPart.Weight = 0
    local pose_ui_dodge_4_Keyframe_HumanoidRootPart_Torso = Instance.new("Pose")
    pose_ui_dodge_4_Keyframe_HumanoidRootPart_Torso.Name = "Torso"
    pose_ui_dodge_4_Keyframe_HumanoidRootPart_Torso.CFrame = CFrame.new(-1.1440973281860352, 7.450580596923828e-07, -0.5441046953201294, -0.2734307050704956, -0.891270101070404, -0.36176493763923645, 0.9134901165962219, -0.3584080934524536, 0.19256199896335602, -0.3012841045856476, -0.2778162956237793, 0.9121655821800232)
    pose_ui_dodge_4_Keyframe_HumanoidRootPart_Torso.Weight = 1
    local pose_ui_dodge_4_Keyframe_HumanoidRootPart_Torso_Head = Instance.new("Pose")
    pose_ui_dodge_4_Keyframe_HumanoidRootPart_Torso_Head.Name = "Head"
    pose_ui_dodge_4_Keyframe_HumanoidRootPart_Torso_Head.CFrame = CFrame.new(-5.960464477539063e-08, -2.514570951461792e-08, -5.960464477539063e-08, 0.5538793802261353, 0.6376875638961792, -0.5353243947029114, -0.7587380409240723, 0.6513314247131348, -0.009159669280052185, 0.3428325653076172, 0.41124433279037476, 0.8445968627929688)
    pose_ui_dodge_4_Keyframe_HumanoidRootPart_Torso_Head.Weight = 1
    local pose_ui_dodge_4_Keyframe_HumanoidRootPart_Torso_Left_Leg = Instance.new("Pose")
    pose_ui_dodge_4_Keyframe_HumanoidRootPart_Torso_Left_Leg.Name = "Left Leg"
    pose_ui_dodge_4_Keyframe_HumanoidRootPart_Torso_Left_Leg.CFrame = CFrame.new(-0.6423687934875488, 0.2756897211074829, -0.1910392940044403, 0.9347625374794006, -0.020709268748760223, -0.35466909408569336, 0.08172647655010223, 0.9840611815452576, 0.15793782472610474, 0.345745325088501, -0.176620215177536, 0.9215559959411621)
    pose_ui_dodge_4_Keyframe_HumanoidRootPart_Torso_Left_Leg.Weight = 1
    local pose_ui_dodge_4_Keyframe_HumanoidRootPart_Torso_Right_Arm = Instance.new("Pose")
    pose_ui_dodge_4_Keyframe_HumanoidRootPart_Torso_Right_Arm.Name = "Right Arm"
    pose_ui_dodge_4_Keyframe_HumanoidRootPart_Torso_Right_Arm.CFrame = CFrame.new(-0.45561549067497253, -0.21244406700134277, -0.19924724102020264, 0.821621835231781, 0.014624475501477718, -0.5698453783988953, -0.04257766902446747, 0.9984527826309204, -0.035765670239925385, 0.5684406161308289, 0.05364853888750076, 0.82097327709198)
    pose_ui_dodge_4_Keyframe_HumanoidRootPart_Torso_Right_Arm.Weight = 1
    local pose_ui_dodge_4_Keyframe_HumanoidRootPart_Torso_Right_Leg = Instance.new("Pose")
    pose_ui_dodge_4_Keyframe_HumanoidRootPart_Torso_Right_Leg.Name = "Right Leg"
    pose_ui_dodge_4_Keyframe_HumanoidRootPart_Torso_Right_Leg.CFrame = CFrame.new(-0.15764084458351135, 0.041985154151916504, 0.014148056507110596, 0.74573814868927, 0.4945489168167114, -0.44642579555511475, -0.6055698394775391, 0.7825254201889038, -0.14470353722572327, 0.2777765393257141, 0.37825295329093933, 0.8830429911613464)
    pose_ui_dodge_4_Keyframe_HumanoidRootPart_Torso_Right_Leg.Weight = 1
    local pose_ui_dodge_4_Keyframe_HumanoidRootPart_Torso_Left_Arm = Instance.new("Pose")
    pose_ui_dodge_4_Keyframe_HumanoidRootPart_Torso_Left_Arm.Name = "Left Arm"
    pose_ui_dodge_4_Keyframe_HumanoidRootPart_Torso_Left_Arm.CFrame = CFrame.new(0.3193056583404541, 0.0949394702911377, -0.10738307237625122, 0.9958516359329224, -0.08875144273042679, 0.020068656653165817, 0.07646792382001877, 0.9358243942260742, 0.3440716862678528, -0.04931759461760521, -0.3411097526550293, 0.9387288689613342)
    pose_ui_dodge_4_Keyframe_HumanoidRootPart_Torso_Left_Arm.Weight = 1
    pose_ui_dodge_4_Keyframe_HumanoidRootPart.Parent = keyframe
    pose_ui_dodge_4_Keyframe_HumanoidRootPart_Torso.Parent = pose_ui_dodge_4_Keyframe_HumanoidRootPart
    pose_ui_dodge_4_Keyframe_HumanoidRootPart_Torso_Head.Parent = pose_ui_dodge_4_Keyframe_HumanoidRootPart_Torso
    pose_ui_dodge_4_Keyframe_HumanoidRootPart_Torso_Left_Leg.Parent = pose_ui_dodge_4_Keyframe_HumanoidRootPart_Torso
    pose_ui_dodge_4_Keyframe_HumanoidRootPart_Torso_Right_Arm.Parent = pose_ui_dodge_4_Keyframe_HumanoidRootPart_Torso
    pose_ui_dodge_4_Keyframe_HumanoidRootPart_Torso_Right_Leg.Parent = pose_ui_dodge_4_Keyframe_HumanoidRootPart_Torso
    pose_ui_dodge_4_Keyframe_HumanoidRootPart_Torso_Left_Arm.Parent = pose_ui_dodge_4_Keyframe_HumanoidRootPart_Torso
    keyframe.Parent = KeyframeSequence
end
do
    local keyframe = Instance.new("Keyframe")
    keyframe.Time = 0.3166666626930237
    local pose_ui_dodge_4_Keyframe_HumanoidRootPart = Instance.new("Pose")
    pose_ui_dodge_4_Keyframe_HumanoidRootPart.Name = "HumanoidRootPart"
    pose_ui_dodge_4_Keyframe_HumanoidRootPart.CFrame = CFrame.new(0, 0, 0, 1, 0, 0, 0, 1, 0, 0, 0, 1)
    pose_ui_dodge_4_Keyframe_HumanoidRootPart.Weight = 0
    local pose_ui_dodge_4_Keyframe_HumanoidRootPart_Torso = Instance.new("Pose")
    pose_ui_dodge_4_Keyframe_HumanoidRootPart_Torso.Name = "Torso"
    pose_ui_dodge_4_Keyframe_HumanoidRootPart_Torso.CFrame = CFrame.new(-1.1234145164489746, 5.662441253662109e-07, -0.5386667847633362, -0.2524228096008301, -0.9030711054801941, -0.347484827041626, 0.9232288002967834, -0.33229804039001465, 0.19294288754463196, -0.28970956802368164, -0.27210482954978943, 0.9176204800605774)
    pose_ui_dodge_4_Keyframe_HumanoidRootPart_Torso.Weight = 1
    local pose_ui_dodge_4_Keyframe_HumanoidRootPart_Torso_Head = Instance.new("Pose")
    pose_ui_dodge_4_Keyframe_HumanoidRootPart_Torso_Head.Name = "Head"
    pose_ui_dodge_4_Keyframe_HumanoidRootPart_Torso_Head.CFrame = CFrame.new(2.9802322387695312e-08, -3.4458935260772705e-08, 2.9802322387695312e-08, 0.55381840467453, 0.6401969194412231, -0.5323843359947205, -0.7627238035202026, 0.6465270519256592, -0.015976816415786743, 0.33397260308265686, 0.4149104356765747, 0.8463519811630249)
    pose_ui_dodge_4_Keyframe_HumanoidRootPart_Torso_Head.Weight = 1
    local pose_ui_dodge_4_Keyframe_HumanoidRootPart_Torso_Left_Leg = Instance.new("Pose")
    pose_ui_dodge_4_Keyframe_HumanoidRootPart_Torso_Left_Leg.Name = "Left Leg"
    pose_ui_dodge_4_Keyframe_HumanoidRootPart_Torso_Left_Leg.CFrame = CFrame.new(-0.6415671110153198, 0.2825848460197449, -0.19008737802505493, 0.9405721426010132, -0.019683800637722015, -0.33902302384376526, 0.07887429744005203, 0.9836807250976562, 0.1617128998041153, 0.330307275056839, -0.17884285748004913, 0.9267752170562744)
    pose_ui_dodge_4_Keyframe_HumanoidRootPart_Torso_Left_Leg.Weight = 1
    local pose_ui_dodge_4_Keyframe_HumanoidRootPart_Torso_Right_Arm = Instance.new("Pose")
    pose_ui_dodge_4_Keyframe_HumanoidRootPart_Torso_Right_Arm.Name = "Right Arm"
    pose_ui_dodge_4_Keyframe_HumanoidRootPart_Torso_Right_Arm.CFrame = CFrame.new(-0.4439002573490143, -0.2106565237045288, -0.19132161140441895, 0.8367849588394165, -0.004680210724473, -0.5475116968154907, -0.0239531472325325, 0.9986932277679443, -0.04514556750655174, 0.5470075607299805, 0.05089176073670387, 0.8355793356895447)
    pose_ui_dodge_4_Keyframe_HumanoidRootPart_Torso_Right_Arm.Weight = 1
    local pose_ui_dodge_4_Keyframe_HumanoidRootPart_Torso_Right_Leg = Instance.new("Pose")
    pose_ui_dodge_4_Keyframe_HumanoidRootPart_Torso_Right_Leg.Name = "Right Leg"
    pose_ui_dodge_4_Keyframe_HumanoidRootPart_Torso_Right_Leg.CFrame = CFrame.new(-0.15180084109306335, 0.05582684278488159, 0.018197715282440186, 0.7653491497039795, 0.4845900237560272, -0.42357194423675537, -0.5864744186401367, 0.7961777448654175, -0.14882463216781616, 0.26511961221694946, 0.36231690645217896, 0.893553614616394)
    pose_ui_dodge_4_Keyframe_HumanoidRootPart_Torso_Right_Leg.Weight = 1
    local pose_ui_dodge_4_Keyframe_HumanoidRootPart_Torso_Left_Arm = Instance.new("Pose")
    pose_ui_dodge_4_Keyframe_HumanoidRootPart_Torso_Left_Arm.Name = "Left Arm"
    pose_ui_dodge_4_Keyframe_HumanoidRootPart_Torso_Left_Arm.CFrame = CFrame.new(0.3269944190979004, 0.08750981092453003, -0.11238646507263184, 0.9950131177902222, -0.09594706445932388, 0.02725835144519806, 0.08125702291727066, 0.9382262229919434, 0.33634641766548157, -0.05784595012664795, -0.3324541747570038, 0.9413437843322754)
    pose_ui_dodge_4_Keyframe_HumanoidRootPart_Torso_Left_Arm.Weight = 1
    pose_ui_dodge_4_Keyframe_HumanoidRootPart.Parent = keyframe
    pose_ui_dodge_4_Keyframe_HumanoidRootPart_Torso.Parent = pose_ui_dodge_4_Keyframe_HumanoidRootPart
    pose_ui_dodge_4_Keyframe_HumanoidRootPart_Torso_Head.Parent = pose_ui_dodge_4_Keyframe_HumanoidRootPart_Torso
    pose_ui_dodge_4_Keyframe_HumanoidRootPart_Torso_Left_Leg.Parent = pose_ui_dodge_4_Keyframe_HumanoidRootPart_Torso
    pose_ui_dodge_4_Keyframe_HumanoidRootPart_Torso_Right_Arm.Parent = pose_ui_dodge_4_Keyframe_HumanoidRootPart_Torso
    pose_ui_dodge_4_Keyframe_HumanoidRootPart_Torso_Right_Leg.Parent = pose_ui_dodge_4_Keyframe_HumanoidRootPart_Torso
    pose_ui_dodge_4_Keyframe_HumanoidRootPart_Torso_Left_Arm.Parent = pose_ui_dodge_4_Keyframe_HumanoidRootPart_Torso
    keyframe.Parent = KeyframeSequence
end
do
    local keyframe = Instance.new("Keyframe")
    keyframe.Time = 0.3499999940395355
    local pose_ui_dodge_4_Keyframe_HumanoidRootPart = Instance.new("Pose")
    pose_ui_dodge_4_Keyframe_HumanoidRootPart.Name = "HumanoidRootPart"
    pose_ui_dodge_4_Keyframe_HumanoidRootPart.CFrame = CFrame.new(0, 0, 0, 1, 0, 0, 0, 1, 0, 0, 0, 1)
    pose_ui_dodge_4_Keyframe_HumanoidRootPart.Weight = 0
    local pose_ui_dodge_4_Keyframe_HumanoidRootPart_Torso = Instance.new("Pose")
    pose_ui_dodge_4_Keyframe_HumanoidRootPart_Torso.Name = "Torso"
    pose_ui_dodge_4_Keyframe_HumanoidRootPart_Torso.CFrame = CFrame.new(-1.080676794052124, 8.046627044677734e-07, -0.524709939956665, -0.21079206466674805, -0.9225417971611023, -0.3232395350933075, 0.9410067200660706, -0.28104615211486816, 0.1884673535823822, -0.26471415162086487, -0.26444312930107117, 0.9273598194122314)
    pose_ui_dodge_4_Keyframe_HumanoidRootPart_Torso.Weight = 1
    local pose_ui_dodge_4_Keyframe_HumanoidRootPart_Torso_Head = Instance.new("Pose")
    pose_ui_dodge_4_Keyframe_HumanoidRootPart_Torso_Head.Name = "Head"
    pose_ui_dodge_4_Keyframe_HumanoidRootPart_Torso_Head.CFrame = CFrame.new(-2.9802322387695312e-08, -6.146728992462158e-08, 1.1920928955078125e-07, 0.5616418719291687, 0.6427109241485596, -0.5210385322570801, -0.7661970853805542, 0.6416857242584229, -0.034373462200164795, 0.31225085258483887, 0.41852372884750366, 0.852840781211853)
    pose_ui_dodge_4_Keyframe_HumanoidRootPart_Torso_Head.Weight = 1
    local pose_ui_dodge_4_Keyframe_HumanoidRootPart_Torso_Left_Leg = Instance.new("Pose")
    pose_ui_dodge_4_Keyframe_HumanoidRootPart_Torso_Left_Leg.Name = "Left Leg"
    pose_ui_dodge_4_Keyframe_HumanoidRootPart_Torso_Left_Leg.CFrame = CFrame.new(-0.6341328620910645, 0.28997886180877686, -0.18673700094223022, 0.9511154890060425, -0.02645924873650074, -0.30769985914230347, 0.07962681353092194, 0.9836475253105164, 0.16154617071151733, 0.29839378595352173, -0.1781502366065979, 0.9376692771911621)
    pose_ui_dodge_4_Keyframe_HumanoidRootPart_Torso_Left_Leg.Weight = 1
    local pose_ui_dodge_4_Keyframe_HumanoidRootPart_Torso_Right_Arm = Instance.new("Pose")
    pose_ui_dodge_4_Keyframe_HumanoidRootPart_Torso_Right_Arm.Name = "Right Arm"
    pose_ui_dodge_4_Keyframe_HumanoidRootPart_Torso_Right_Arm.CFrame = CFrame.new(-0.4204176664352417, -0.20799142122268677, -0.17558492720127106, 0.866931676864624, -0.04902224615216255, -0.4960103929042816, 0.022922787815332413, 0.9980199337005615, -0.058572739362716675, 0.4978996217250824, 0.039408616721630096, 0.8663387894630432)
    pose_ui_dodge_4_Keyframe_HumanoidRootPart_Torso_Right_Arm.Weight = 1
    local pose_ui_dodge_4_Keyframe_HumanoidRootPart_Torso_Right_Leg = Instance.new("Pose")
    pose_ui_dodge_4_Keyframe_HumanoidRootPart_Torso_Right_Leg.Name = "Right Leg"
    pose_ui_dodge_4_Keyframe_HumanoidRootPart_Torso_Right_Leg.CFrame = CFrame.new(-0.14487317204475403, 0.08008444309234619, 0.02186685800552368, 0.798408031463623, 0.4705521762371063, -0.37566637992858887, -0.5525899529457092, 0.8204277157783508, -0.14677441120147705, 0.23914207518100739, 0.3247753381729126, 0.9150584936141968)
    pose_ui_dodge_4_Keyframe_HumanoidRootPart_Torso_Right_Leg.Weight = 1
    local pose_ui_dodge_4_Keyframe_HumanoidRootPart_Torso_Left_Arm = Instance.new("Pose")
    pose_ui_dodge_4_Keyframe_HumanoidRootPart_Torso_Left_Arm.Name = "Left Arm"
    pose_ui_dodge_4_Keyframe_HumanoidRootPart_Torso_Left_Arm.CFrame = CFrame.new(0.33805525302886963, 0.06496745347976685, -0.12658792734146118, 0.9917264580726624, -0.11791771650314331, 0.05073455721139908, 0.09482318162918091, 0.9393283128738403, 0.32965269684791565, -0.08652829378843307, -0.322114497423172, 0.9427381157875061)
    pose_ui_dodge_4_Keyframe_HumanoidRootPart_Torso_Left_Arm.Weight = 1
    pose_ui_dodge_4_Keyframe_HumanoidRootPart.Parent = keyframe
    pose_ui_dodge_4_Keyframe_HumanoidRootPart_Torso.Parent = pose_ui_dodge_4_Keyframe_HumanoidRootPart
    pose_ui_dodge_4_Keyframe_HumanoidRootPart_Torso_Head.Parent = pose_ui_dodge_4_Keyframe_HumanoidRootPart_Torso
    pose_ui_dodge_4_Keyframe_HumanoidRootPart_Torso_Left_Leg.Parent = pose_ui_dodge_4_Keyframe_HumanoidRootPart_Torso
